693.84169 4.54789E-4
692.69083 4.23734E-4
691.54378 -3.21589E-4
690.40052 -6.9425E-4
689.26104 -2.0772E-4
688.12531 0.00235
686.99332 0.0021
686.05283 4.23734E-4
684.61575 -9.73745E-4
683.24677 -4.76864E-4
682.13076 -1.35258E-4
681.01839 -3.21589E-4
679.90964 -8.8058E-4
678.80449 -7.5636E-4
677.70294 -4.20927E-5
676.60495 8.58505E-4
673.48305 0.00406
672.24835 0.00937
670.98822 0.01538
669.97157 0.02234
669.07709 0.02977
668.24438 0.03732
667.53229 0.04472
666.70342 0.05269
666.05361 0.0604
665.40507 0.06834
664.81658 0.07617
664.11177 0.08413
663.40845 0.09217
662.82348 0.09985
662.12289 0.10782
661.42377 0.11565
660.72613 0.12347
660.02995 0.13102
659.1618 0.13855
658.18065 0.14534
656.85785 0.15102
655.19752 0.15331
653.48876 0.15317
652.24132 0.14758
651.28065 0.14056
650.26654 0.13369
649.25559 0.1267
648.30369 0.11963
647.41032 0.1125
646.51942 0.1053
645.63096 0.09825
644.68965 0.09115
643.69595 0.08422
642.70531 0.07745
641.49866 0.07241
640.58195 0.06911
640.07845 0.06443
639.22798 0.05955
638.35266 0.05423
637.14879 0.04929
636.17818 0.04514
635.21053 0.0412
634.24581 0.03809
633.23068 0.03531
632.32515 0.03371
631.36918 0.03188
630.41609 0.02921
629.46587 0.02688
628.51852 0.02486
627.57401 0.02294
626.68457 0.02142
625.48523 0.01983
624.54981 0.01887
623.61718 0.01797
622.68733 0.01701
621.76026 0.01583
620.83594 0.01471
619.91436 0.01359
618.99552 0.01272
618.07939 0.01204
617.16597 0.01126
616.25525 0.01052
614.99481 0.01007
614.09048 0.00955
613.41398 0.00916
612.23991 0.00757
611.36852 0.00628
610.45003 0.00601
609.559 0.00617
608.67058 0.00478
607.78474 0.00471
606.56846 0.00561
606.1185 0.00518
