693.9698 0.00114
692.81851 0.00238
691.67104 0.00188
690.52736 0.00126
689.38746 0.00126
688.25132 0.00238
687.11891 0.00222
686.11545 0.003
684.88084 0.00266
683.6973 0.00249
682.62631 0.00238
681.51233 0.00238
680.40197 0.00173
679.29523 0.00154
678.19208 0.00182
677.0925 0.00238
675.99649 0.00254
674.90402 0.00322
673.9359 0.00725
673.27192 0.01244
672.78985 0.01887
672.12813 0.02558
671.16795 0.03098
670.09102 0.03446
669.01754 0.03875
667.94749 0.04024
666.88086 0.03903
665.81763 0.03819
664.75779 0.03962
663.70132 0.04235
662.6482 0.04437
661.59841 0.04561
660.78421 0.04335
660.26185 0.0383
659.96115 0.03372
659.50879 0.02952
659.1618 0.02194
658.8665 0.01603
658.23336 0.01123
657.77079 0.00879
657.15932 0.00874
656.76602 0.01451
656.52849 0.01813
656.22187 0.02073
656.1905 0.02473
656.12398 0.02821
655.87209 0.0338
655.62795 0.03626
655.37739 0.0387
655.06636 0.03626
654.72987 0.03297
654.63835 0.02865
654.39899 0.0225
654.34203 0.01859
654.20915 0.0136
653.83425 0.01044
653.65341 0.00683
653.27965 0.00346
652.45714 0.00124
651.16204 0.00118
649.81684 0.00154
648.80729 0.00154
647.80087 0.00154
646.79756 0.00154
645.79736 0.00154
644.80025 0.00154
643.80621 0.00154
642.81523 0.00154
641.8273 0.00154
640.8424 0.00154
639.86052 0.00111
638.88164 0.00117
637.90575 0.00163
636.93284 0.00154
635.96289 0.00191
634.99589 0.00238
634.03183 0.00229
633.07069 0.00154
632.11246 0.00154
631.15713 0.0021
630.20468 0.00238
629.2551 0.0021
628.30838 0.00154
627.3645 0.00154
626.42346 0.00219
625.46441 0.00149
624.54981 5.95424E-4
623.63443 5.04477E-4
622.76103 0.00123
621.76026 0.00128
620.83594 0.00156
619.91436 0.00182
618.99552 0.00154
618.07939 0.00173
617.16597 0.00156
616.25525 0.00141
615.29125 0.00132
614.48751 0.0016
613.53914 0.00182
612.63909 0.00156
611.74167 0.00156
610.84687 0.00132
609.95469 0.00126
609.31196 0.00126
608.56846 0.00165
607.40842 0.00165
606.56846 0.00109
605.99634 7.03229E-4
