11.151	0.00712
11.15494	0.00709
11.15889	0.007
11.16283	0.00688
11.16678	0.00683
11.17072	0.00682
11.17466	0.00692
11.17861	0.007
11.18255	0.00708
11.1865	0.00727
11.19044	0.00713
11.19438	0.007
11.19833	0.00691
11.20227	0.00678
11.20622	0.00687
11.21016	0.00701
11.2141	0.00705
11.21805	0.00711
11.22199	0.00719
11.22594	0.00718
11.22988	0.00713
11.23382	0.00693
11.23777	0.007
11.24171	0.0069
11.24566	0.00698
11.2496	0.00707
11.25354	0.00721
11.25749	0.00725
11.26143	0.00734
11.26538	0.0073
11.26932	0.00721
11.27326	0.00705
11.27721	0.007
11.28115	0.00708
11.2851	0.00703
11.28904	0.00717
11.29298	0.00735
11.29693	0.00728
11.30087	0.00732
11.30482	0.00731
11.30876	0.00716
11.3127	0.00716
11.31665	0.00699
11.32059	0.00696
11.32454	0.00724
11.32848	0.00746
11.33242	0.00747
11.33637	0.00751
11.34031	0.00744
11.34426	0.00731
11.3482	0.00721
11.35214	0.00715
11.35609	0.00714
11.36003	0.00726
11.36398	0.00726
11.36792	0.00741
11.37186	0.00754
11.37581	0.00759
11.37975	0.00754
11.3837	0.00747
11.38764	0.00736
11.39158	0.00726
11.39553	0.0072
11.39947	0.00735
11.40342	0.00736
11.40736	0.00752
11.4113	0.0077
11.41525	0.00775
11.41919	0.00766
11.42314	0.00759
11.42708	0.00762
11.43102	0.00745
11.43497	0.00754
11.43891	0.00748
11.44286	0.00739
11.4468	0.00758
11.45074	0.00772
11.45469	0.00784
11.45863	0.00782
11.46258	0.00783
11.46652	0.00783
11.47046	0.00786
11.47441	0.00783
11.47835	0.0077
11.4823	0.00784
11.48624	0.00784
11.49018	0.00795
11.49413	0.00796
11.49807	0.00797
11.50202	0.008
11.50596	0.0079
11.5099	0.00781
11.51385	0.00786
11.51779	0.00797
11.52174	0.00816
11.52568	0.00804
11.52962	0.00797
11.53357	0.00785
11.53751	0.00789
11.54146	0.00783
11.5454	0.00788
11.54934	0.00796
11.55329	0.00791
11.55723	0.00818
11.56118	0.00786
11.56512	0.00799
11.56906	0.00821
11.57301	0.0083
11.57695	0.00807
11.5809	0.00806
11.58484	0.00808
11.58878	0.00803
11.59273	0.00812
11.59667	0.00812
11.60062	0.00833
11.60456	0.00827
11.6085	0.00849
11.61245	0.00863
11.61639	0.00858
11.62034	0.00858
11.62428	0.00855
11.62822	0.00845
11.63217	0.00821
11.63611	0.00849
11.64006	0.00885
11.644	0.00843
11.64794	0.00855
11.65189	0.00892
11.65583	0.00867
11.65978	0.00845
11.66372	0.00814
11.66766	0.00886
11.67161	0.00871
11.67555	0.00926
11.6795	0.00906
11.68344	0.00875
11.68738	0.00896
11.69133	0.00872
11.69527	0.00854
11.69922	0.00826
11.70316	0.0088
11.7071	0.00886
11.71105	0.00882
11.71499	0.0089
11.71894	0.0089
11.72288	0.00894
11.72682	0.00888
11.73077	0.00889
11.73471	0.00888
11.73866	0.00894
11.7426	0.00896
11.74654	0.00902
11.75049	0.00894
11.75443	0.00897
11.75838	0.00907
11.76232	0.00907
11.76626	0.00914
11.77021	0.00903
11.77415	0.00903
11.7781	0.00905
11.78204	0.00905
11.78598	0.00907
11.78993	0.00912
11.79387	0.00909
11.79782	0.00918
11.80176	0.00924
11.8057	0.00926
11.80965	0.00931
11.81359	0.0093
11.81754	0.00929
11.82148	0.00927
11.82542	0.0093
11.82937	0.00929
11.83331	0.00938
11.83726	0.00934
11.8412	0.00936
11.84514	0.00945
11.84909	0.00942
11.85303	0.00949
11.85698	0.00949
11.86092	0.00948
11.86486	0.00942
11.86881	0.0094
11.87275	0.00947
11.8767	0.00941
11.88064	0.00943
11.88458	0.00956
11.88853	0.00965
11.89247	0.00964
11.89642	0.0097
11.90036	0.00977
11.9043	0.00976
11.90825	0.00975
11.91219	0.00976
11.91614	0.00983
11.92008	0.00973
11.92402	0.00994
11.92797	0.01012
11.93191	0.01015
11.93586	0.00996
11.9398	0.01007
11.94374	0.01005
11.94769	0.01001
11.95163	0.01023
11.95558	0.01024
11.95952	0.01027
11.96346	0.01018
11.96741	0.0103
11.97135	0.01037
11.9753	0.01042
11.97924	0.01033
11.98318	0.01037
11.98713	0.01044
11.99107	0.01052
11.99502	0.01038
11.99896	0.01039
12.0029	0.01046
12.00685	0.01059
12.01079	0.01048
12.01474	0.0105
12.01868	0.01053
12.02262	0.01042
12.02657	0.01054
12.03051	0.01066
12.03446	0.01077
12.0384	0.01073
12.04234	0.01076
12.04629	0.01071
12.05023	0.0106
12.05418	0.01061
12.05812	0.01068
12.06206	0.01074
12.06601	0.01067
12.06995	0.01072
12.0739	0.01058
12.07784	0.01089
12.08178	0.01089
12.08573	0.01092
12.08967	0.01135
12.09362	0.01171
12.09756	0.01156
12.1015	0.01152
12.10545	0.01112
12.10939	0.01086
12.11334	0.01092
12.11728	0.01082
12.12122	0.00982
12.12517	0.00975
12.12911	0.01062
12.13306	0.0111
12.137	0.01108
12.14094	0.0111
12.14489	0.01112
12.14883	0.01101
12.15278	0.011
12.15672	0.01083
12.16066	0.01108
12.16461	0.01109
12.16855	0.01109
12.1725	0.01106
12.17644	0.01122
12.18038	0.01134
12.18433	0.01133
12.18827	0.01147
12.19222	0.01147
12.19616	0.01122
12.2001	0.01129
12.20405	0.01116
12.20799	0.01132
12.21194	0.0114
12.21588	0.01148
12.21982	0.01159
12.22377	0.01139
12.22771	0.01158
12.23166	0.01169
12.2356	0.01161
12.23954	0.01178
12.24349	0.01185
12.24743	0.01196
12.25137	0.01193
12.25532	0.01202
12.25926	0.01209
12.26321	0.01212
12.26715	0.01219
12.27109	0.0123
12.27504	0.01259
12.27898	0.01353
12.28293	0.01307
12.28687	0.01259
12.29081	0.0127
12.29476	0.01275
12.2987	0.01289
12.30265	0.01294
12.30659	0.01297
12.31053	0.01313
12.31448	0.01308
12.31842	0.01311
12.32237	0.01325
12.32631	0.01311
12.33025	0.01319
12.3342	0.01326
12.33814	0.01337
12.34209	0.0134
12.34603	0.01342
12.34997	0.01357
12.35392	0.01354
12.35786	0.01361
12.36181	0.01382
12.36575	0.01381
12.36969	0.01383
12.37364	0.01393
12.37758	0.014
12.38153	0.01405
12.38547	0.01398
12.38941	0.01423
12.39336	0.01444
12.3973	0.01436
12.40125	0.01446
12.40519	0.01463
12.40913	0.01463
12.41308	0.01473
12.41702	0.01474
12.42097	0.01478
12.42491	0.01482
12.42885	0.01486
12.4328	0.01488
12.43674	0.01495
12.44069	0.01499
12.44463	0.01494
12.44857	0.01498
12.45252	0.01507
12.45646	0.01515
12.46041	0.0152
12.46435	0.01528
12.46829	0.01534
12.47224	0.0152
12.47618	0.01537
12.48013	0.01548
12.48407	0.01546
12.48801	0.01546
12.49196	0.01559
12.4959	0.01573
12.49985	0.01566
12.50379	0.01574
12.50773	0.01597
12.51168	0.01583
12.51562	0.01598
12.51957	0.0161
12.52351	0.01594
12.52745	0.01611
12.5314	0.01624
12.53534	0.01627
12.53929	0.01635
12.54323	0.01634
12.54717	0.01638
12.55112	0.01652
12.55506	0.01651
12.55901	0.01653
12.56295	0.01661
12.56689	0.01669
12.57084	0.01673
12.57478	0.01671
12.57873	0.0167
12.58267	0.01676
12.58661	0.01684
12.59056	0.01688
12.5945	0.0171
12.59845	0.01681
12.60239	0.01712
12.60633	0.01713
12.61028	0.01724
12.61422	0.0173
12.61817	0.01735
12.62211	0.01749
12.62605	0.01737
12.63	0.01741
12.63394	0.01747
12.63789	0.01755
12.64183	0.01762
12.64577	0.01775
12.64972	0.01774
12.65366	0.01766
12.65761	0.01791
12.66155	0.01824
12.66549	0.01819
12.66944	0.01807
12.67338	0.01801
12.67733	0.01806
12.68127	0.01813
12.68521	0.01808
12.68916	0.01819
12.6931	0.0182
12.69705	0.01831
12.70099	0.01823
12.70493	0.01845
12.70888	0.01848
12.71282	0.0185
12.71677	0.01851
12.72071	0.01857
12.72465	0.01868
12.7286	0.01881
12.73254	0.01873
12.73649	0.01849
12.74043	0.01867
12.74437	0.01877
12.74832	0.01876
12.75226	0.01881
12.75621	0.01898
12.76015	0.01903
12.76409	0.01918
12.76804	0.01931
12.77198	0.01932
12.77593	0.01928
12.77987	0.01935
12.78381	0.01958
12.78776	0.01958
12.7917	0.01964
12.79565	0.01988
12.79959	0.0197
12.80353	0.01974
12.80748	0.01977
12.81142	0.02086
12.81537	0.02379
12.81931	0.02092
12.82325	0.02017
12.8272	0.02012
12.83114	0.0203
12.83509	0.02028
12.83903	0.02046
12.84297	0.02071
12.84692	0.02058
12.85086	0.02046
12.85481	0.02044
12.85875	0.02053
12.86269	0.02057
12.86664	0.02064
12.87058	0.0207
12.87453	0.02074
12.87847	0.02101
12.88241	0.02092
12.88636	0.02086
12.8903	0.02103
12.89425	0.02105
12.89819	0.02124
12.90213	0.02115
12.90608	0.02109
12.91002	0.02105
12.91397	0.02094
12.91791	0.02088
12.92185	0.02116
12.9258	0.02127
12.92974	0.02151
12.93369	0.02161
12.93763	0.02173
12.94157	0.02184
12.94552	0.02188
12.94946	0.02197
12.95341	0.02196
12.95735	0.02171
12.96129	0.02218
12.96524	0.02202
12.96918	0.02218
12.97313	0.02232
12.97707	0.02223
12.98101	0.02235
12.98496	0.02239
12.9889	0.02232
12.99285	0.02263
12.99679	0.02272
13.00073	0.02277
13.00468	0.02275
13.00862	0.02283
13.01257	0.02279
13.01651	0.0229
13.02045	0.02281
13.0244	0.023
13.02834	0.0228
13.03229	0.02298
13.03623	0.02303
13.04017	0.02295
13.04412	0.02313
13.04806	0.02299
13.05201	0.02319
13.05595	0.0234
13.05989	0.02354
13.06384	0.02378
13.06778	0.02369
13.07173	0.02388
13.07567	0.02367
13.07961	0.0238
13.08356	0.02416
13.0875	0.02419
13.09145	0.02408
13.09539	0.02429
13.09933	0.02422
13.10328	0.02409
13.10722	0.02426
13.11117	0.02445
13.11511	0.02445
13.11905	0.02455
13.123	0.02456
13.12694	0.02456
13.13089	0.02484
13.13483	0.02501
13.13877	0.02491
13.14272	0.02508
13.14666	0.02515
13.15061	0.02502
13.15455	0.02501
13.15849	0.02503
13.16244	0.02516
13.16638	0.02527
13.17033	0.02536
13.17427	0.02515
13.17821	0.02541
13.18216	0.0254
13.1861	0.02572
13.19005	0.02545
13.19399	0.0254
13.19793	0.02564
13.20188	0.02547
13.20582	0.02551
13.20977	0.02574
13.21371	0.0258
13.21765	0.02588
13.2216	0.02594
13.22554	0.02593
13.22949	0.02627
13.23343	0.02649
13.23737	0.02644
13.24132	0.02654
13.24526	0.02635
13.24921	0.0264
13.25315	0.02652
13.25709	0.02663
13.26104	0.02679
13.26498	0.0269
13.26893	0.02703
13.27287	0.02707
13.27681	0.02729
13.28076	0.02749
13.2847	0.02753
13.28865	0.02753
13.29259	0.02743
13.29653	0.02778
13.30048	0.02761
13.30442	0.0278
13.30837	0.02789
13.31231	0.02774
13.31625	0.02783
13.3202	0.02799
13.32414	0.02815
13.32809	0.02831
13.33203	0.02813
13.33597	0.02835
13.33992	0.02871
13.34386	0.02864
13.3478	0.02844
13.35175	0.02833
13.35569	0.0287
13.35964	0.02892
13.36358	0.02884
13.36752	0.02873
13.37147	0.02891
13.37541	0.0288
13.37936	0.0289
13.3833	0.02928
13.38724	0.02968
13.39119	0.02956
13.39513	0.02987
13.39908	0.02981
13.40302	0.02983
13.40696	0.02993
13.41091	0.03012
13.41485	0.02936
13.4188	0.02989
13.42274	0.02987
13.42668	0.02986
13.43063	0.03011
13.43457	0.03033
13.43852	0.03025
13.44246	0.03029
13.4464	0.03074
13.45035	0.03074
13.45429	0.03074
13.45824	0.031
13.46218	0.03102
13.46612	0.03121
13.47007	0.0312
13.47401	0.03124
13.47796	0.03145
13.4819	0.03159
13.48584	0.03144
13.48979	0.03145
13.49373	0.03171
13.49768	0.03161
13.50162	0.03184
13.50556	0.03182
13.50951	0.03215
13.51345	0.03198
13.5174	0.03225
13.52134	0.03206
13.52528	0.0325
13.52923	0.03236
13.53317	0.03277
13.53712	0.03264
13.54106	0.0328
13.545	0.03282
13.54895	0.03302
13.55289	0.03308
13.55684	0.03327
13.56078	0.03344
13.56472	0.03377
13.56867	0.03367
13.57261	0.03349
13.57656	0.03368
13.5805	0.03359
13.58444	0.03361
13.58839	0.03344
13.59233	0.03369
13.59628	0.0337
13.60022	0.03403
13.60416	0.03394
13.60811	0.0342
13.61205	0.03415
13.616	0.03427
13.61994	0.03448
13.62388	0.03458
13.62783	0.03454
13.63177	0.03458
13.63572	0.03495
13.63966	0.03509
13.6436	0.03513
13.64755	0.03555
13.65149	0.03545
13.65544	0.03549
13.65938	0.03537
13.66332	0.03566
13.66727	0.03554
13.67121	0.03568
13.67516	0.03556
13.6791	0.03566
13.68304	0.03557
13.68699	0.03602
13.69093	0.03581
13.69488	0.03603
13.69882	0.03591
13.70276	0.03633
13.70671	0.03645
13.71065	0.03646
13.7146	0.03601
13.71854	0.03557
13.72248	0.03608
13.72643	0.03615
13.73037	0.03648
13.73432	0.0364
13.73826	0.03689
13.7422	0.03705
13.74615	0.0373
13.75009	0.03714
13.75404	0.03749
13.75798	0.03733
13.76192	0.03757
13.76587	0.03776
13.76981	0.038
13.77376	0.03793
13.7777	0.03798
13.78164	0.03794
13.78559	0.03834
13.78953	0.03834
13.79348	0.03849
13.79742	0.03855
13.80136	0.03869
13.80531	0.03872
13.80925	0.03881
13.8132	0.039
13.81714	0.0391
13.82108	0.03932
13.82503	0.03931
13.82897	0.03956
13.83292	0.03969
13.83686	0.03972
13.8408	0.03974
13.84475	0.03956
13.84869	0.03997
13.85264	0.0396
13.85658	0.03972
13.86052	0.0398
13.86447	0.03984
13.86841	0.03966
13.87236	0.03999
13.8763	0.03961
13.88024	0.03963
13.88419	0.0395
13.88813	0.04004
13.89208	0.03997
13.89602	0.04031
13.89996	0.04006
13.90391	0.04031
13.90785	0.03983
13.9118	0.03991
13.91574	0.03997
13.91968	0.04067
13.92363	0.04084
13.92757	0.04151
13.93152	0.04155
13.93546	0.0421
13.9394	0.04192
13.94335	0.04208
13.94729	0.04215
13.95124	0.04243
13.95518	0.04254
13.95912	0.0428
13.96307	0.04298
13.96701	0.04279
13.97096	0.04314
13.9749	0.04385
13.97884	0.04412
13.98279	0.04428
13.98673	0.04421
13.99068	0.04344
13.99462	0.04333
13.99856	0.04338
14.00251	0.04405
14.00645	0.044
14.0104	0.04335
14.01434	0.04356
14.01828	0.04432
14.02223	0.04445
14.02617	0.04437
14.03012	0.04442
14.03406	0.04459
14.038	0.04453
14.04195	0.04485
14.04589	0.04473
14.04984	0.04487
14.05378	0.0452
14.05772	0.04527
14.06167	0.04563
14.06561	0.046
14.06956	0.04647
14.0735	0.04651
14.07744	0.04647
14.08139	0.04687
14.08533	0.04733
14.08928	0.04694
14.09322	0.0471
14.09716	0.04696
14.10111	0.0469
14.10505	0.04699
14.109	0.0471
14.11294	0.04718
14.11688	0.04721
14.12083	0.04719
14.12477	0.04734
14.12872	0.04765
14.13266	0.04782
14.1366	0.04813
14.14055	0.04838
14.14449	0.04855
14.14844	0.04875
14.15238	0.04893
14.15632	0.049
14.16027	0.0491
14.16421	0.04909
14.16816	0.04907
14.1721	0.04909
14.17604	0.04901
14.17999	0.04926
14.18393	0.0492
14.18788	0.04965
14.19182	0.04991
14.19576	0.05011
14.19971	0.05007
14.20365	0.05073
14.2076	0.05066
14.21154	0.05133
14.21548	0.0511
14.21943	0.05125
14.22337	0.05102
14.22732	0.05157
14.23126	0.05118
14.2352	0.05187
14.23915	0.05118
14.24309	0.05154
14.24704	0.0512
14.25098	0.05159
14.25492	0.05138
14.25887	0.05184
14.26281	0.05168
14.26676	0.05236
14.2707	0.05242
14.27464	0.05281
14.27859	0.05298
14.28253	0.05339
14.28648	0.05324
14.29042	0.05345
14.29436	0.05355
14.29831	0.05387
14.30225	0.05384
14.3062	0.05348
14.31014	0.05315
14.31408	0.05329
14.31803	0.05339
14.32197	0.05348
14.32592	0.05373
14.32986	0.05389
14.3338	0.05418
14.33775	0.05445
14.34169	0.05462
14.34564	0.05484
14.34958	0.05523
14.35352	0.0553
14.35747	0.05538
14.36141	0.0557
14.36536	0.05542
14.3693	0.05547
14.37324	0.05537
14.37719	0.05562
14.38113	0.0554
14.38508	0.05567
14.38902	0.05555
14.39296	0.05573
14.39691	0.05588
14.40085	0.05626
14.4048	0.0564
14.40874	0.05657
14.41268	0.05667
14.41663	0.0567
14.42057	0.05724
14.42452	0.05761
14.42846	0.05775
14.4324	0.05764
14.43635	0.05803
14.44029	0.05792
14.44423	0.05809
14.44818	0.05791
14.45212	0.05838
14.45607	0.05863
14.46001	0.05859
14.46395	0.05865
14.4679	0.05873
14.47184	0.05915
14.47579	0.05916
14.47973	0.05943
14.48367	0.05955
14.48762	0.05987
14.49156	0.06011
14.49551	0.06019
14.49945	0.06011
14.50339	0.05996
14.50734	0.06015
14.51128	0.06023
14.51523	0.05994
14.51917	0.05957
14.52311	0.06005
14.52706	0.06059
14.531	0.06058
14.53495	0.06094
14.53889	0.06108
14.54283	0.06103
14.54678	0.06099
14.55072	0.06147
14.55467	0.06127
14.55861	0.06131
14.56255	0.06131
14.5665	0.06204
14.57044	0.06182
14.57439	0.06243
14.57833	0.06199
14.58227	0.06274
14.58622	0.06253
14.59016	0.06231
14.59411	0.06258
14.59805	0.06306
14.60199	0.06319
14.60594	0.06331
14.60988	0.06348
14.61383	0.06394
14.61777	0.06368
14.62171	0.06347
14.62566	0.0637
14.6296	0.06386
14.63355	0.06368
14.63749	0.06449
14.64143	0.0643
14.64538	0.06467
14.64932	0.0644
14.65327	0.06543
14.65721	0.06439
14.66115	0.0653
14.6651	0.06525
14.66904	0.06577
14.67299	0.0651
14.67693	0.06594
14.68087	0.06562
14.68482	0.06579
14.68876	0.06551
14.69271	0.06596
14.69665	0.06587
14.70059	0.06612
14.70454	0.06616
14.70848	0.06618
14.71243	0.06636
14.71637	0.06645
14.72031	0.06654
14.72426	0.06689
14.7282	0.0667
14.73215	0.06707
14.73609	0.06673
14.74003	0.06717
14.74398	0.06689
14.74792	0.0668
14.75187	0.06628
14.75581	0.06604
14.75975	0.06552
14.7637	0.06542
14.76764	0.06456
14.77159	0.06423
14.77553	0.06336
14.77947	0.06294
14.78342	0.06195
14.78736	0.0614
14.79131	0.06046
14.79525	0.05933
14.79919	0.05845
14.80314	0.05708
14.80708	0.05664
14.81103	0.05498
14.81497	0.05481
14.81891	0.05287
14.82286	0.05244
14.8268	0.05063
14.83075	0.05003
14.83469	0.04866
14.83863	0.04768
14.84258	0.04639
14.84652	0.04546
14.85047	0.04398
14.85441	0.04311
14.85835	0.04192
14.8623	0.04121
14.86624	0.03973
14.87019	0.03924
14.87413	0.03793
14.87807	0.03767
14.88202	0.03666
14.88596	0.03628
14.88991	0.03487
14.89385	0.03449
14.89779	0.03357
14.90174	0.03316
14.90568	0.03233
14.90963	0.03189
14.91357	0.03087
14.91751	0.02997
14.92146	0.02894
14.9254	0.02837
14.92935	0.0276
14.93329	0.02685
14.93723	0.0263
14.94118	0.02489
14.94512	0.02429
14.94907	0.02323
14.95301	0.02303
14.95695	0.02186
14.9609	0.02132
14.96484	0.02021
14.96879	0.01959
14.97273	0.01855
14.97667	0.0184
14.98062	0.01763
14.98456	0.01718
14.98851	0.01582
14.99245	0.01516
14.99639	0.01432
15.00034	0.01394
15.00428	0.01309
15.00823	0.01259
15.01217	0.01187
15.01611	0.01146
15.02006	0.01103
15.024	0.01046
15.02795	0.01009
15.03189	0.00948
15.03583	0.00921
15.03978	0.00865
15.04372	0.00847
15.04767	0.00806
15.05161	0.00789
15.05555	0.0075
15.0595	0.00736
15.06344	0.00694
15.06739	0.00684
15.07133	0.00652
15.07527	0.00639
15.07922	0.00621
15.08316	0.00607
15.08711	0.00591
15.09105	0.00577
15.09499	0.00573
15.09894	0.00566
15.10288	0.0056
15.10683	0.00542
15.11077	0.00546
15.11471	0.00545
15.11866	0.00555
15.1226	0.00548
15.12655	0.00581
15.13049	0.00578
15.13443	0.006
15.13838	0.00591
15.14232	0.00613
15.14627	0.00628
15.15021	0.00639
15.15415	0.00675
15.1581	0.00696
15.16204	0.00741
15.16599	0.00756
15.16993	0.00821
15.17387	0.00858
15.17782	0.00896
15.18176	0.00904
15.18571	0.00928
15.18965	0.00908
15.19359	0.00927
15.19754	0.0092
15.20148	0.00934
15.20543	0.00916
15.20937	0.00909
15.21331	0.00905
15.21726	0.00897
15.2212	0.00906
15.22515	0.00864
15.22909	0.00873
15.23303	0.00832
15.23698	0.00812
15.24092	0.00725
15.24487	0.00685
15.24881	0.00643
15.25275	0.00639
15.2567	0.00633
15.26064	0.00632
15.26459	0.00652
15.26853	0.00677
15.27247	0.00718
15.27642	0.00738
15.28036	0.00806
15.28431	0.00868
15.28825	0.00972
15.29219	0.01004
15.29614	0.01082
15.30008	0.01072
15.30403	0.0112
15.30797	0.0115
15.31191	0.01184
15.31586	0.01264
15.3198	0.0126
15.32375	0.01307
15.32769	0.01299
15.33163	0.01368
15.33558	0.01362
15.33952	0.0142
15.34347	0.01415
15.34741	0.01442
15.35135	0.01434
15.3553	0.01445
15.35924	0.01455
15.36319	0.01471
15.36713	0.01506
15.37107	0.01484
15.37502	0.01537
15.37896	0.01506
15.38291	0.0155
15.38685	0.01527
15.39079	0.01567
15.39474	0.0156
15.39868	0.01583
15.40263	0.01611
15.40657	0.01612
15.41051	0.01667
15.41446	0.01656
15.4184	0.01694
15.42235	0.01698
15.42629	0.01734
15.43023	0.01742
15.43418	0.0178
15.43812	0.01791
15.44207	0.01824
15.44601	0.01854
15.44995	0.01879
15.4539	0.01925
15.45784	0.01922
15.46179	0.01976
15.46573	0.01984
15.46967	0.02032
15.47362	0.02046
15.47756	0.02083
15.48151	0.02111
15.48545	0.02149
15.48939	0.02202
15.49334	0.02197
15.49728	0.02251
15.50123	0.02259
15.50517	0.02334
15.50911	0.02353
15.51306	0.02406
15.517	0.02444
15.52094	0.0249
15.52489	0.02536
15.52883	0.02527
15.53278	0.02625
15.53672	0.02633
15.54066	0.02702
15.54461	0.02712
15.54855	0.02771
15.5525	0.0278
15.55644	0.02842
15.56038	0.02914
15.56433	0.02949
15.56827	0.03027
15.57222	0.03014
15.57616	0.03089
15.5801	0.03159
15.58405	0.03225
15.58799	0.03288
15.59194	0.03312
15.59588	0.03352
15.59982	0.03416
15.60377	0.03408
15.60771	0.03463
15.61166	0.0347
15.6156	0.03489
15.61954	0.03524
15.62349	0.03533
15.62743	0.03559
15.63138	0.0361
15.63532	0.03678
15.63926	0.03682
15.64321	0.03764
15.64715	0.03773
15.6511	0.03766
15.65504	0.03749
15.65898	0.03814
15.66293	0.03953
15.66687	0.0404
15.67082	0.04142
15.67476	0.04233
15.6787	0.0426
15.68265	0.04325
15.68659	0.04374
15.69054	0.0437
15.69448	0.04433
15.69842	0.04465
15.70237	0.045
15.70631	0.04548
15.71026	0.04589
15.7142	0.04652
15.71814	0.04681
15.72209	0.04736
15.72603	0.04798
15.72998	0.04831
15.73392	0.04897
15.73786	0.04954
15.74181	0.04974
15.74575	0.05033
15.7497	0.05092
15.75364	0.05133
15.75758	0.05185
15.76153	0.05254
15.76547	0.05241
15.76942	0.05287
15.77336	0.05313
15.7773	0.05341
15.78125	0.05346
15.78519	0.05384
15.78914	0.05459
15.79308	0.05415
15.79702	0.05458
15.80097	0.05522
15.80491	0.05497
15.80886	0.05558
15.8128	0.05595
15.81674	0.0562
15.82069	0.05672
15.82463	0.05695
15.82858	0.057
15.83252	0.05759
15.83646	0.05758
15.84041	0.05776
15.84435	0.05825
15.8483	0.05804
15.85224	0.05836
15.85618	0.05858
15.86013	0.05886
15.86407	0.05946
15.86802	0.05929
15.87196	0.0598
15.8759	0.06005
15.87985	0.06021
15.88379	0.0606
15.88774	0.06096
15.89168	0.06085
15.89562	0.0611
15.89957	0.06166
15.90351	0.06178
15.90746	0.06196
15.9114	0.0623
15.91534	0.06138
15.91929	0.06269
15.92323	0.06257
15.92718	0.06239
15.93112	0.06303
15.93506	0.06344
15.93901	0.06345
15.94295	0.06375
15.9469	0.06343
15.95084	0.0636
15.95478	0.06432
15.95873	0.06412
15.96267	0.06429
15.96662	0.06524
15.97056	0.06484
15.9745	0.06539
15.97845	0.06536
15.98239	0.06557
15.98634	0.06573
15.99028	0.0659
15.99422	0.06651
15.99817	0.06588
16.00211	0.06457
16.00606	0.06557
16.01	0.0661
16.01394	0.06583
16.01789	0.06669
16.02183	0.06724
16.02578	0.06692
16.02972	0.06713
16.03366	0.06688
16.03761	0.06721
16.04155	0.06784
16.0455	0.06839
16.04944	0.06844
16.05338	0.06794
16.05733	0.0685
16.06127	0.06856
16.06522	0.06838
16.06916	0.0689
16.0731	0.0687
16.07705	0.06898
16.08099	0.06897
16.08494	0.06887
16.08888	0.06876
16.09282	0.06918
16.09677	0.06915
16.10071	0.06912
16.10466	0.06945
16.1086	0.06944
16.11254	0.0696
16.11649	0.06949
16.12043	0.06975
16.12438	0.07047
16.12832	0.07035
16.13226	0.07061
16.13621	0.07126
16.14015	0.07367
16.1441	0.07436
16.14804	0.07406
16.15198	0.07446
16.15593	0.0744
16.15987	0.07293
16.16382	0.07201
16.16776	0.07175
16.1717	0.0725
16.17565	0.07213
16.17959	0.06967
16.18354	0.06895
16.18748	0.06883
16.19142	0.0722
16.19537	0.07285
16.19931	0.07261
16.20326	0.07253
16.2072	0.07275
16.21114	0.07315
16.21509	0.07257
16.21903	0.07335
16.22298	0.07318
16.22692	0.07222
16.23086	0.07375
16.23481	0.07329
16.23875	0.07351
16.2427	0.07389
16.24664	0.07404
16.25058	0.07456
16.25453	0.07319
16.25847	0.07395
16.26242	0.07391
16.26636	0.0736
16.2703	0.07423
16.27425	0.07396
16.27819	0.07396
16.28214	0.07367
16.28608	0.07386
16.29002	0.07441
16.29397	0.07362
16.29791	0.07457
16.30186	0.07489
16.3058	0.07491
16.30974	0.07537
16.31369	0.07509
16.31763	0.07554
16.32158	0.07546
16.32552	0.07585
16.32946	0.07635
16.33341	0.07614
16.33735	0.07656
16.3413	0.07635
16.34524	0.07685
16.34918	0.07683
16.35313	0.07667
16.35707	0.07734
16.36102	0.07692
16.36496	0.07746
16.3689	0.0775
16.37285	0.07739
16.37679	0.07792
16.38074	0.07739
16.38468	0.0781
16.38862	0.07728
16.39257	0.07795
16.39651	0.07836
16.40046	0.07794
16.4044	0.07866
16.40834	0.07812
16.41229	0.07817
16.41623	0.07909
16.42018	0.07837
16.42412	0.07911
16.42806	0.07903
16.43201	0.07873
16.43595	0.0793
16.4399	0.07905
16.44384	0.08013
16.44778	0.07946
16.45173	0.07968
16.45567	0.08063
16.45962	0.07975
16.46356	0.08063
16.4675	0.08073
16.47145	0.08055
16.47539	0.08123
16.47934	0.08012
16.48328	0.08194
16.48722	0.08148
16.49117	0.08142
16.49511	0.08193
16.49906	0.08092
16.503	0.08194
16.50694	0.08217
16.51089	0.08244
16.51483	0.08308
16.51878	0.08216
16.52272	0.0832
16.52666	0.08306
16.53061	0.08289
16.53455	0.08344
16.5385	0.0828
16.54244	0.08365
16.54638	0.08339
16.55033	0.08331
16.55427	0.08383
16.55822	0.08342
16.56216	0.08397
16.5661	0.08376
16.57005	0.08345
16.57399	0.084
16.57794	0.08353
16.58188	0.08376
16.58582	0.08372
16.58977	0.08364
16.59371	0.08397
16.59766	0.08369
16.6016	0.08396
16.60554	0.08476
16.60949	0.08411
16.61343	0.0844
16.61737	0.08418
16.62132	0.08403
16.62526	0.0849
16.62921	0.08391
16.63315	0.08507
16.63709	0.08466
16.64104	0.08428
16.64498	0.08562
16.64893	0.08461
16.65287	0.08553
16.65681	0.08531
16.66076	0.08512
16.6647	0.08605
16.66865	0.08477
16.67259	0.08547
16.67653	0.08543
16.68048	0.08478
16.68442	0.08612
16.68837	0.08516
16.69231	0.0857
16.69625	0.08662
16.7002	0.0856
16.70414	0.08668
16.70809	0.08631
16.71203	0.0864
16.71597	0.08725
16.71992	0.08639
16.72386	0.08698
16.72781	0.08717
16.73175	0.08684
16.73569	0.08786
16.73964	0.08727
16.74358	0.08767
16.74753	0.08833
16.75147	0.0877
16.75541	0.08852
16.75936	0.08831
16.7633	0.08825
16.76725	0.08963
16.77119	0.08745
16.77513	0.08919
16.77908	0.08918
16.78302	0.08831
16.78697	0.08997
16.79091	0.08912
16.79485	0.09027
16.7988	0.09026
16.80274	0.08931
16.80669	0.09081
16.81063	0.0907
16.81457	0.09011
16.81852	0.08985
16.82246	0.09014
16.82641	0.09101
16.83035	0.09131
16.83429	0.09028
16.83824	0.09178
16.84218	0.09168
16.84613	0.09186
16.85007	0.09216
16.85401	0.08919
16.85796	0.09183
16.8619	0.09161
16.86585	0.09108
16.86979	0.09294
16.87373	0.09217
16.87768	0.09218
16.88162	0.09283
16.88557	0.09089
16.88951	0.092
16.89345	0.09204
16.8974	0.09141
16.90134	0.09278
16.90529	0.09134
16.90923	0.09251
16.91317	0.09303
16.91712	0.0914
16.92106	0.09377
16.92501	0.0929
16.92895	0.09244
16.93289	0.09397
16.93684	0.09263
16.94078	0.09385
16.94473	0.0937
16.94867	0.09284
16.95261	0.0942
16.95656	0.09357
16.9605	0.09334
16.96445	0.09443
16.96839	0.09309
16.97233	0.09414
16.97628	0.09429
16.98022	0.09276
16.98417	0.09474
16.98811	0.09351
16.99205	0.09346
16.996	0.09552
16.99994	0.09342
17.00389	0.09488
17.00783	0.09486
17.01177	0.0938
17.01572	0.09545
17.01966	0.09434
17.02361	0.09397
17.02755	0.09543
17.03149	0.09356
17.03544	0.09942
17.03938	0.10049
17.04333	0.09417
17.04727	0.09546
17.05121	0.09429
17.05516	0.0935
17.0591	0.09637
17.06305	0.09449
17.06699	0.09537
17.07093	0.09667
17.07488	0.09454
17.07882	0.09687
17.08277	0.09576
17.08671	0.09519
17.09065	0.09723
17.0946	0.09447
17.09854	0.09605
17.10249	0.0969
17.10643	0.09513
17.11037	0.09649
17.11432	0.09646
17.11826	0.09536
17.12221	0.09744
17.12615	0.09626
17.13009	0.09546
17.13404	0.09839
17.13798	0.09535
17.14193	0.09684
17.14587	0.09724
17.14981	0.09561
17.15376	0.09794
17.1577	0.09642
17.16165	0.09604
17.16559	0.09774
17.16953	0.09606
17.17348	0.09645
17.17742	0.09795
17.18137	0.09585
17.18531	0.09781
17.18925	0.0977
17.1932	0.09621
17.19714	0.09891
17.20109	0.0972
17.20503	0.09725
17.20897	0.09915
17.21292	0.09723
17.21686	0.09848
17.22081	0.09945
17.22475	0.09751
17.22869	0.09942
17.23264	0.09903
17.23658	0.09756
17.24053	0.09997
17.24447	0.09716
17.24841	0.09811
17.25236	0.09992
17.2563	0.09751
17.26025	0.09899
17.26419	0.09991
17.26813	0.09805
17.27208	0.1004
17.27602	0.09951
17.27997	0.09842
17.28391	0.1007
17.28785	0.09959
17.2918	0.09829
17.29574	0.10123
17.29969	0.0992
17.30363	0.10005
17.30757	0.10096
17.31152	0.09884
17.31546	0.10135
17.31941	0.10057
17.32335	0.09929
17.32729	0.1015
17.33124	0.09986
17.33518	0.09897
17.33913	0.10154
17.34307	0.09998
17.34701	0.10016
17.35096	0.10158
17.3549	0.09818
17.35885	0.10084
17.36279	0.10072
17.36673	0.09844
17.37068	0.10135
17.37462	0.10041
17.37857	0.09923
17.38251	0.10195
17.38645	0.10019
17.3904	0.10027
17.39434	0.10276
17.39829	0.09985
17.40223	0.10116
17.40617	0.10263
17.41012	0.10029
17.41406	0.10217
17.41801	0.10243
17.42195	0.10067
17.42589	0.10308
17.42984	0.10227
17.43378	0.101
17.43773	0.1038
17.44167	0.10199
17.44561	0.10205
17.44956	0.10396
17.4535	0.10139
17.45745	0.10298
17.46139	0.10401
17.46533	0.10163
17.46928	0.10392
17.47322	0.1041
17.47717	0.10214
17.48111	0.10506
17.48505	0.1043
17.489	0.10291
17.49294	0.10622
17.49689	0.10394
17.50083	0.1038
17.50477	0.1062
17.50872	0.10395
17.51266	0.10452
17.51661	0.10642
17.52055	0.10301
17.52449	0.1057
17.52844	0.10615
17.53238	0.1034
17.53633	0.10622
17.54027	0.10618
17.54421	0.10412
17.54816	0.10659
17.5521	0.10526
17.55605	0.104
17.55999	0.10719
17.56393	0.10476
17.56788	0.10501
17.57182	0.10727
17.57577	0.10522
17.57971	0.10587
17.58365	0.10807
17.5876	0.1044
17.59154	0.10621
17.59549	0.10766
17.59943	0.1049
17.60337	0.10723
17.60732	0.10677
17.61126	0.1054
17.61521	0.10813
17.61915	0.10598
17.62309	0.10613
17.62704	0.10904
17.63098	0.10745
17.63493	0.10688
17.63887	0.11004
17.64281	0.10746
17.64676	0.10822
17.6507	0.11081
17.65465	0.10815
17.65859	0.10898
17.66253	0.11128
17.66648	0.10822
17.67042	0.11067
17.67437	0.11054
17.67831	0.10839
17.68225	0.11063
17.6862	0.11092
17.69014	0.10885
17.69409	0.11181
17.69803	0.11047
17.70197	0.10899
17.70592	0.11212
17.70986	0.11072
17.7138	0.11012
17.71775	0.11255
17.72169	0.1109
17.72564	0.10977
17.72958	0.11368
17.73352	0.11153
17.73747	0.11194
17.74141	0.11384
17.74536	0.11144
17.7493	0.11157
17.75324	0.1144
17.75719	0.11198
17.76113	0.11325
17.76508	0.11389
17.76902	0.11334
17.77296	0.1141
17.77691	0.11401
17.78085	0.11306
17.7848	0.1127
17.78874	0.11304
17.79268	0.11358
17.79663	0.11343
17.80057	0.11332
17.80452	0.11242
17.80846	0.11613
17.8124	0.11365
17.81635	0.11246
17.82029	0.11492
17.82424	0.11324
17.82818	0.11148
17.83212	0.11542
17.83607	0.11298
17.84001	0.11232
17.84396	0.11533
17.8479	0.11293
17.85184	0.11257
17.85579	0.11343
17.85973	0.11128
17.86368	0.11323
17.86762	0.11468
17.87156	0.11156
17.87551	0.11334
17.87945	0.11404
17.8834	0.11222
17.88734	0.11308
17.89128	0.11423
17.89523	0.11355
17.89917	0.11244
17.90312	0.11417
17.90706	0.11468
17.911	0.11432
17.91495	0.1148
17.91889	0.11618
17.92284	0.11529
17.92678	0.11656
17.93072	0.12187
17.93467	0.14962
17.93861	0.12692
17.94256	0.12582
17.9465	0.11731
17.95044	0.11495
17.95439	0.11737
17.95833	0.11737
17.96228	0.11608
17.96622	0.11743
17.97016	0.11804
17.97411	0.11623
17.97805	0.11802
17.982	0.11804
17.98594	0.11819
17.98988	0.11742
17.99383	0.11799
17.99777	0.11895
18.00172	0.11935
18.00566	0.11886
18.0096	0.11823
18.01355	0.1192
18.01749	0.11939
18.02144	0.1192
18.02538	0.11963
18.02932	0.11956
18.03327	0.11921
18.03721	0.11984
18.04116	0.11947
18.0451	0.11833
18.04904	0.11928
18.05299	0.12024
18.05693	0.12119
18.06088	0.12107
18.06482	0.12078
18.06876	0.12031
18.07271	0.11981
18.07665	0.11954
18.0806	0.11959
18.08454	0.12054
18.08848	0.12147
18.09243	0.12219
18.09637	0.12199
18.10032	0.12172
18.10426	0.12165
18.1082	0.12007
18.11215	0.11925
18.11609	0.12117
18.12004	0.12177
18.12398	0.12186
18.12792	0.12159
18.13187	0.12178
18.13581	0.12211
18.13976	0.12228
18.1437	0.12206
18.14764	0.122
18.15159	0.12368
18.15553	0.12323
18.15948	0.12182
18.16342	0.122
18.16736	0.12223
18.17131	0.1225
18.17525	0.12304
18.1792	0.12329
18.18314	0.1233
18.18708	0.1232
18.19103	0.12317
18.19497	0.12319
18.19892	0.12396
18.20286	0.12397
18.2068	0.12313
18.21075	0.12369
18.21469	0.12413
18.21864	0.12431
18.22258	0.12463
18.22652	0.12478
18.23047	0.12464
18.23441	0.12442
18.23836	0.12433
18.2423	0.12452
18.24624	0.12444
18.25019	0.12443
18.25413	0.12472
18.25808	0.12488
18.26202	0.12509
18.26596	0.12557
18.26991	0.12584
18.27385	0.12588
18.2778	0.12534
18.28174	0.12481
18.28568	0.12446
18.28963	0.12498
18.29357	0.12537
18.29752	0.12566
18.30146	0.12572
18.3054	0.12558
18.30935	0.12538
18.31329	0.126
18.31724	0.12645
18.32118	0.1268
18.32512	0.12772
18.32907	0.12803
18.33301	0.12781
18.33696	0.12869
18.3409	0.12918
18.34484	0.12926
18.34879	0.12966
18.35273	0.1295
18.35668	0.12861
18.36062	0.1294
18.36456	0.12976
18.36851	0.12923
18.37245	0.12975
18.3764	0.13004
18.38034	0.12965
18.38428	0.13024
18.38823	0.13046
18.39217	0.12943
18.39612	0.12962
18.40006	0.1298
18.404	0.12902
18.40795	0.12992
18.41189	0.13073
18.41584	0.12935
18.41978	0.12982
18.42372	0.13072
18.42767	0.13006
18.43161	0.13047
18.43556	0.13107
18.4395	0.12946
18.44344	0.12958
18.44739	0.13063
18.45133	0.13055
18.45528	0.13106
18.45922	0.13191
18.46316	0.13105
18.46711	0.13137
18.47105	0.13269
18.475	0.13233
18.47894	0.13211
18.48288	0.13205
18.48683	0.13134
18.49077	0.13136
18.49472	0.1323
18.49866	0.13237
18.5026	0.1321
18.50655	0.13144
18.51049	0.13112
18.51444	0.13089
18.51838	0.13074
18.52232	0.13063
18.52627	0.13082
18.53021	0.13164
18.53416	0.13139
18.5381	0.13124
18.54204	0.13202
18.54599	0.13222
18.54993	0.13226
18.55388	0.13243
18.55782	0.13263
18.56176	0.13274
18.56571	0.13239
18.56965	0.13258
18.5736	0.13296
18.57754	0.13295
18.58148	0.13356
18.58543	0.13436
18.58937	0.13367
18.59332	0.13378
18.59726	0.13439
18.6012	0.13396
18.60515	0.13408
18.60909	0.13465
18.61304	0.13475
18.61698	0.13501
18.62092	0.13542
18.62487	0.13511
18.62881	0.13517
18.63276	0.13567
18.6367	0.13532
18.64064	0.13532
18.64459	0.1359
18.64853	0.13647
18.65248	0.13659
18.65642	0.136
18.66036	0.13622
18.66431	0.13655
18.66825	0.13681
18.6722	0.13664
18.67614	0.13666
18.68008	0.1374
18.68403	0.13871
18.68797	0.13962
18.69192	0.13878
18.69586	0.13866
18.6998	0.1389
18.70375	0.13949
18.70769	0.13966
18.71164	0.13956
18.71558	0.13914
18.71952	0.13911
18.72347	0.13926
18.72741	0.13902
18.73136	0.13952
18.7353	0.14044
18.73924	0.14033
18.74319	0.14041
18.74713	0.14056
18.75108	0.13883
18.75502	0.13897
18.75896	0.1409
18.76291	0.14105
18.76685	0.1412
18.7708	0.14136
18.77474	0.14121
18.77868	0.14101
18.78263	0.1408
18.78657	0.14124
18.79052	0.14165
18.79446	0.14191
18.7984	0.14203
18.80235	0.14219
18.80629	0.14249
18.81023	0.14299
18.81418	0.14343
18.81812	0.14363
18.82207	0.14427
18.82601	0.14488
18.82995	0.14507
18.8339	0.14564
18.83784	0.14579
18.84179	0.14389
18.84573	0.14462
18.84967	0.14626
18.85362	0.14667
18.85756	0.14665
18.86151	0.14648
18.86545	0.14694
18.86939	0.14675
18.87334	0.14625
18.87728	0.14668
18.88123	0.14734
18.88517	0.1481
18.88911	0.1475
18.89306	0.14699
18.897	0.14657
18.90095	0.14639
18.90489	0.14655
18.90883	0.14708
18.91278	0.14598
18.91672	0.14532
18.92067	0.14534
18.92461	0.14657
18.92855	0.14731
18.9325	0.14709
18.93644	0.14735
18.94039	0.14689
18.94433	0.14498
18.94827	0.14637
18.95222	0.14752
18.95616	0.14663
18.96011	0.14664
18.96405	0.14679
18.96799	0.14664
18.97194	0.14616
18.97588	0.14591
18.97983	0.14681
18.98377	0.14622
18.98771	0.14544
18.99166	0.14663
18.9956	0.14709
18.99955	0.1472
19.00349	0.14742
19.00743	0.14718
19.01138	0.14677
19.01532	0.14746
19.01927	0.14734
19.02321	0.14669
19.02715	0.14722
19.0311	0.14728
19.03504	0.14694
19.03899	0.14879
19.04293	0.14915
19.04687	0.14796
19.05082	0.14833
19.05476	0.14874
19.05871	0.14913
19.06265	0.14952
19.06659	0.1504
19.07054	0.15196
19.07448	0.15116
19.07843	0.15083
19.08237	0.15187
19.08631	0.15109
19.09026	0.1504
19.0942	0.15066
19.09815	0.15048
19.10209	0.15024
19.10603	0.15009
19.10998	0.14934
19.11392	0.14917
19.11787	0.15154
19.12181	0.15195
19.12575	0.1517
19.1297	0.1521
19.13364	0.15064
19.13759	0.1489
19.14153	0.15077
19.14547	0.15196
19.14942	0.15262
19.15336	0.15229
19.15731	0.15281
19.16125	0.15383
19.16519	0.15345
19.16914	0.15308
19.17308	0.15275
19.17703	0.15351
19.18097	0.15407
19.18491	0.15444
19.18886	0.15476
19.1928	0.15481
19.19675	0.15452
19.20069	0.15553
19.20463	0.15605
19.20858	0.15579
19.21252	0.15628
19.21647	0.15654
19.22041	0.15627
19.22435	0.15647
19.2283	0.15663
19.23224	0.15658
19.23619	0.1567
19.24013	0.15662
19.24407	0.15594
19.24802	0.15646
19.25196	0.15715
19.25591	0.15717
19.25985	0.15728
19.26379	0.15739
19.26774	0.15731
19.27168	0.15813
19.27563	0.15912
19.27957	0.1587
19.28351	0.15832
19.28746	0.1581
19.2914	0.15883
19.29535	0.159
19.29929	0.1587
19.30323	0.15753
19.30718	0.15738
19.31112	0.15806
19.31507	0.15932
19.31901	0.15993
19.32295	0.15994
19.3269	0.15952
19.33084	0.15954
19.33479	0.16009
19.33873	0.16064
19.34267	0.16066
19.34662	0.15994
19.35056	0.16015
19.35451	0.16046
19.35845	0.16076
19.36239	0.16097
19.36634	0.16108
19.37028	0.16106
19.37423	0.16153
19.37817	0.16188
19.38211	0.16167
19.38606	0.16202
19.39	0.16254
19.39395	0.16304
19.39789	0.16402
19.40183	0.1649
19.40578	0.16483
19.40972	0.16455
19.41367	0.16432
19.41761	0.16477
19.42155	0.16495
19.4255	0.16503
19.42944	0.16549
19.43339	0.16587
19.43733	0.16613
19.44127	0.16585
19.44522	0.16591
19.44916	0.16624
19.45311	0.16651
19.45705	0.16682
19.46099	0.16719
19.46494	0.16752
19.46888	0.16725
19.47283	0.16631
19.47677	0.16719
19.48071	0.16765
19.48466	0.16746
19.4886	0.16803
19.49255	0.16795
19.49649	0.16673
19.50043	0.16785
19.50438	0.16841
19.50832	0.16728
19.51227	0.16742
19.51621	0.16853
19.52015	0.17126
19.5241	0.17186
19.52804	0.17188
19.53199	0.17188
19.53593	0.17183
19.53987	0.17178
19.54382	0.17184
19.54776	0.17258
19.55171	0.1734
19.55565	0.17317
19.55959	0.17397
19.56354	0.17508
19.56748	0.17482
19.57143	0.17513
19.57537	0.17576
19.57931	0.17609
19.58326	0.17599
19.5872	0.17565
19.59115	0.17667
19.59509	0.17709
19.59903	0.17699
19.60298	0.17742
19.60692	0.17702
19.61087	0.17575
19.61481	0.17641
19.61875	0.17684
19.6227	0.17691
19.62664	0.17702
19.63059	0.17723
19.63453	0.17759
19.63847	0.17788
19.64242	0.17835
19.64636	0.17917
19.65031	0.17893
19.65425	0.17892
19.65819	0.17984
19.66214	0.18043
19.66608	0.18069
19.67003	0.18031
19.67397	0.18061
19.67791	0.18102
19.68186	0.18102
19.6858	0.18172
19.68975	0.18265
19.69369	0.18339
19.69763	0.18433
19.70158	0.18505
19.70552	0.18391
19.70947	0.18455
19.71341	0.18613
19.71735	0.18654
19.7213	0.18739
19.72524	0.18848
19.72919	0.18823
19.73313	0.18796
19.73707	0.18769
19.74102	0.18794
19.74496	0.18842
19.74891	0.18912
19.75285	0.1891
19.75679	0.18957
19.76074	0.19068
19.76468	0.18991
19.76863	0.18974
19.77257	0.19062
19.77651	0.18906
19.78046	0.18814
19.7844	0.1888
19.78835	0.18945
19.79229	0.19015
19.79623	0.19094
19.80018	0.19194
19.80412	0.19262
19.80807	0.19237
19.81201	0.19297
19.81595	0.19368
19.8199	0.19391
19.82384	0.19494
19.82779	0.1961
19.83173	0.19649
19.83567	0.19653
19.83962	0.19653
19.84356	0.19725
19.84751	0.19689
19.85145	0.19614
19.85539	0.1972
19.85934	0.1978
19.86328	0.19801
19.86723	0.1973
19.87117	0.19776
19.87511	0.19911
19.87906	0.19869
19.883	0.1987
19.88694	0.19914
19.89089	0.19934
19.89483	0.19989
19.89878	0.20086
19.90272	0.20124
19.90666	0.20126
19.91061	0.20085
19.91455	0.20203
19.9185	0.20246
19.92244	0.20138
19.92638	0.20027
19.93033	0.2003
19.93427	0.20256
19.93822	0.20155
19.94216	0.20102
19.9461	0.2034
19.95005	0.20287
19.95399	0.20228
19.95794	0.2041
19.96188	0.20452
19.96582	0.20475
19.96977	0.20624
19.97371	0.20546
19.97766	0.2044
19.9816	0.207
19.98554	0.2087
19.98949	0.20969
19.99343	0.20912
19.99738	0.20944
20.00132	0.21029
20.00526	0.21033
20.00921	0.21085
20.01315	0.21174
20.0171	0.2126
20.02104	0.21243
20.02498	0.2113
20.02893	0.21185
20.03287	0.21227
20.03682	0.21252
20.04076	0.213
20.0447	0.21348
20.04865	0.21395
20.05259	0.21464
20.05654	0.21499
20.06048	0.21477
20.06442	0.21359
20.06837	0.21275
20.07231	0.21283
20.07626	0.21347
20.0802	0.214
20.08414	0.21397
20.08809	0.21646
20.09203	0.21807
20.09598	0.21516
20.09992	0.21573
20.10386	0.21748
20.10781	0.21907
20.11175	0.21946
20.1157	0.21998
20.11964	0.2236
20.12358	0.22323
20.12753	0.22123
20.13147	0.22214
20.13542	0.22125
20.13936	0.21949
20.1433	0.22045
20.14725	0.22154
20.15119	0.22261
20.15514	0.2215
20.15908	0.22148
20.16302	0.22242
20.16697	0.22158
20.17091	0.22115
20.17486	0.22115
20.1788	0.22102
20.18274	0.22029
20.18669	0.2188
20.19063	0.21954
20.19458	0.21992
20.19852	0.2195
20.20246	0.2194
20.20641	0.21934
20.21035	0.21927
20.2143	0.21823
20.21824	0.21795
20.22218	0.21974
20.22613	0.21863
20.23007	0.21767
20.23402	0.2192
20.23796	0.21984
20.2419	0.22
20.24585	0.21959
20.24979	0.21975
20.25374	0.21985
20.25768	0.21862
20.26162	0.21768
20.26557	0.21736
20.26951	0.21978
20.27346	0.22074
20.2774	0.221
20.28134	0.22296
20.28529	0.22274
20.28923	0.22109
20.29318	0.22206
20.29712	0.22355
20.30106	0.22542
20.30501	0.22268
20.30895	0.22204
20.3129	0.22355
20.31684	0.22205
20.32078	0.22156
20.32473	0.2224
20.32867	0.22182
20.33262	0.22113
20.33656	0.22044
20.3405	0.22007
20.34445	0.21983
20.34839	0.21974
20.35234	0.2223
20.35628	0.22371
20.36022	0.22168
20.36417	0.22039
20.36811	0.22044
20.37206	0.22345
20.376	0.22229
20.37994	0.22113
20.38389	0.22409
20.38783	0.22373
20.39178	0.2224
20.39572	0.22242
20.39966	0.22356
20.40361	0.22468
20.40755	0.22276
20.4115	0.22425
20.41544	0.22704
20.41938	0.22439
20.42333	0.2234
20.42727	0.22371
20.43122	0.22573
20.43516	0.22521
20.4391	0.22271
20.44305	0.2246
20.44699	0.225
20.45094	0.22396
20.45488	0.22275
20.45882	0.22285
20.46277	0.2245
20.46671	0.22293
20.47066	0.22254
20.4746	0.22404
20.47854	0.2248
20.48249	0.22446
20.48643	0.22244
20.49038	0.22392
20.49432	0.22437
20.49826	0.22158
20.50221	0.22353
20.50615	0.2257
20.5101	0.22576
20.51404	0.22424
20.51798	0.22375
20.52193	0.22779
20.52587	0.22738
20.52982	0.22595
20.53376	0.22702
20.5377	0.22764
20.54165	0.22791
20.54559	0.2274
20.54954	0.22792
20.55348	0.22887
20.55742	0.22884
20.56137	0.22926
20.56531	0.22991
20.56926	0.22963
20.5732	0.22908
20.57714	0.22839
20.58109	0.22967
20.58503	0.23031
20.58898	0.23034
20.59292	0.23035
20.59686	0.23089
20.60081	0.23203
20.60475	0.23199
20.6087	0.23219
20.61264	0.2328
20.61658	0.23228
20.62053	0.23159
20.62447	0.23082
20.62842	0.23259
20.63236	0.23322
20.6363	0.2309
20.64025	0.23173
20.64419	0.23288
20.64814	0.23323
20.65208	0.23321
20.65602	0.23345
20.65997	0.23473
20.66391	0.23495
20.66786	0.23473
20.6718	0.23427
20.67574	0.23466
20.67969	0.23545
20.68363	0.23633
20.68758	0.23714
20.69152	0.23769
20.69546	0.23679
20.69941	0.23825
20.70335	0.23685
20.7073	0.23585
20.71124	0.23124
20.71518	0.23678
20.71913	0.23387
20.72307	0.23002
20.72702	0.23753
20.73096	0.23687
20.7349	0.23129
20.73885	0.23894
20.74279	0.2354
20.74674	0.23791
20.75068	0.2412
20.75462	0.23773
20.75857	0.23864
20.76251	0.2405
20.76646	0.24108
20.7704	0.23573
20.77434	0.24045
20.77829	0.2441
20.78223	0.24181
20.78618	0.24362
20.79012	0.24542
20.79406	0.24632
20.79801	0.24623
20.80195	0.24209
20.8059	0.2462
20.80984	0.24685
20.81378	0.246
20.81773	0.24606
20.82167	0.24382
20.82562	0.25154
20.82956	0.24761
20.8335	0.24587
20.83745	0.24813
20.84139	0.24711
20.84534	0.24861
20.84928	0.24407
20.85322	0.24584
20.85717	0.24915
20.86111	0.24443
20.86506	0.24751
20.869	0.24679
20.87294	0.24827
20.87689	0.24937
20.88083	0.24543
20.88478	0.25188
20.88872	0.24993
20.89266	0.24864
20.89661	0.24315
20.90055	0.24629
20.9045	0.2518
20.90844	0.24705
20.91238	0.24791
20.91633	0.25044
20.92027	0.25174
20.92422	0.25178
20.92816	0.24743
20.9321	0.25154
20.93605	0.24543
20.93999	0.25183
20.94394	0.25075
20.94788	0.24748
20.95182	0.25633
20.95577	0.24905
20.95971	0.25393
20.96366	0.25755
20.9676	0.25761
20.97154	0.25555
20.97549	0.25334
20.97943	0.25856
20.98337	0.25889
20.98732	0.25621
20.99126	0.25589
20.99521	0.25764
20.99915	0.26075
21.00309	0.25686
21.00704	0.25706
21.01098	0.26108
21.01493	0.25992
21.01887	0.25803
21.02281	0.25536
21.02676	0.25886
21.0307	0.25991
21.03465	0.25732
21.03859	0.26021
21.04253	0.26273
21.04648	0.26383
21.05042	0.26192
21.05437	0.26176
21.05831	0.26574
21.06225	0.26705
21.0662	0.26551
21.07014	0.25876
21.07409	0.26299
21.07803	0.26757
21.08197	0.26448
21.08592	0.259
21.08986	0.2561
21.09381	0.26541
21.09775	0.26642
21.10169	0.26489
21.10564	0.26823
21.10958	0.26772
21.11353	0.26514
21.11747	0.26234
21.12141	0.26362
21.12536	0.26699
21.1293	0.26543
21.13325	0.26514
21.13719	0.26596
21.14113	0.26988
21.14508	0.26977
21.14902	0.26609
21.15297	0.2692
21.15691	0.27099
21.16085	0.27138
21.1648	0.27275
21.16874	0.27331
21.17269	0.2728
21.17663	0.26985
21.18057	0.26687
21.18452	0.26414
21.18846	0.27042
21.19241	0.27354
21.19635	0.26868
21.20029	0.26904
21.20424	0.27047
21.20818	0.27199
21.21213	0.27032
21.21607	0.26946
21.22001	0.27299
21.22396	0.2732
21.2279	0.27212
21.23185	0.27051
21.23579	0.27314
21.23973	0.27622
21.24368	0.27355
21.24762	0.27284
21.25157	0.27338
21.25551	0.27551
21.25945	0.27542
21.2634	0.27424
21.26734	0.27553
21.27129	0.27591
21.27523	0.27548
21.27917	0.27269
21.28312	0.27338
21.28706	0.277
21.29101	0.27567
21.29495	0.27451
21.29889	0.27351
21.30284	0.2778
21.30678	0.27854
21.31073	0.27479
21.31467	0.275
21.31861	0.27564
21.32256	0.27648
21.3265	0.27416
21.33045	0.27358
21.33439	0.27673
21.33833	0.27626
21.34228	0.27516
21.34622	0.27413
21.35017	0.27688
21.35411	0.27876
21.35805	0.27606
21.362	0.27534
21.36594	0.27646
21.36989	0.28145
21.37383	0.28095
21.37777	0.27836
21.38172	0.2761
21.38566	0.27805
21.38961	0.2812
21.39355	0.27971
21.39749	0.27839
21.40144	0.27808
21.40538	0.28509
21.40933	0.28686
21.41327	0.28535
21.41721	0.28879
21.42116	0.28908
21.4251	0.28684
21.42905	0.28736
21.43299	0.28873
21.43693	0.29094
21.44088	0.28657
21.44482	0.28482
21.44877	0.28625
21.45271	0.29091
21.45665	0.29126
21.4606	0.28536
21.46454	0.2909
21.46849	0.295
21.47243	0.29459
21.47637	0.29408
21.48032	0.29541
21.48426	0.30043
21.48821	0.30087
21.49215	0.29914
21.49609	0.29467
21.50004	0.29572
21.50398	0.29795
21.50793	0.29873
21.51187	0.29862
21.51581	0.29865
21.51976	0.30053
21.5237	0.29938
21.52765	0.29783
21.53159	0.30123
21.53553	0.30272
21.53948	0.30304
21.54342	0.30254
21.54737	0.30262
21.55131	0.30335
21.55525	0.30729
21.5592	0.3059
21.56314	0.30053
21.56709	0.30229
21.57103	0.30244
21.57497	0.30106
21.57892	0.30152
21.58286	0.30207
21.58681	0.3027
21.59075	0.30349
21.59469	0.30343
21.59864	0.30223
21.60258	0.30315
21.60653	0.30148
21.61047	0.29535
21.61441	0.29558
21.61836	0.29834
21.6223	0.30404
21.62625	0.3044
21.63019	0.30333
21.63413	0.3016
21.63808	0.30148
21.64202	0.30224
21.64597	0.30427
21.64991	0.30562
21.65385	0.30676
21.6578	0.30804
21.66174	0.30776
21.66569	0.30724
21.66963	0.30882
21.67357	0.30911
21.67752	0.30871
21.68146	0.30817
21.68541	0.30965
21.68935	0.31216
21.69329	0.31196
21.69724	0.31079
21.70118	0.30911
21.70513	0.31218
21.70907	0.31319
21.71301	0.3123
21.71696	0.31156
21.7209	0.31214
21.72485	0.31416
21.72879	0.31397
21.73273	0.31394
21.73668	0.31425
21.74062	0.31693
21.74457	0.31814
21.74851	0.31682
21.75245	0.3176
21.7564	0.31897
21.76034	0.32083
21.76429	0.3194
21.76823	0.31835
21.77217	0.31965
21.77612	0.32138
21.78006	0.32243
21.78401	0.32132
21.78795	0.32321
21.79189	0.32532
21.79584	0.32471
21.79978	0.32334
21.80373	0.32183
21.80767	0.32111
21.81161	0.32216
21.81556	0.32389
21.8195	0.32426
21.82345	0.32631
21.82739	0.32901
21.83133	0.32838
21.83528	0.32715
21.83922	0.32576
21.84317	0.32939
21.84711	0.33004
21.85105	0.32812
21.855	0.32733
21.85894	0.32682
21.86289	0.32662
21.86683	0.32711
21.87077	0.32847
21.87472	0.33086
21.87866	0.33279
21.88261	0.33351
21.88655	0.33254
21.89049	0.33218
21.89444	0.33251
21.89838	0.3339
21.90233	0.33408
21.90627	0.33411
21.91021	0.3343
21.91416	0.33617
21.9181	0.33709
21.92205	0.33448
21.92599	0.33496
21.92993	0.33584
21.93388	0.33482
21.93782	0.33418
21.94177	0.3343
21.94571	0.33692
21.94965	0.33779
21.9536	0.33781
21.95754	0.33783
21.96149	0.33872
21.96543	0.3402
21.96937	0.34237
21.97332	0.34132
21.97726	0.33848
21.98121	0.34239
21.98515	0.34397
21.98909	0.34362
21.99304	0.34361
21.99698	0.34452
22.00093	0.34635
22.00487	0.34644
22.00881	0.34606
22.01276	0.34516
22.0167	0.34769
22.02065	0.34915
22.02459	0.34878
22.02853	0.34737
22.03248	0.34713
22.03642	0.34906
22.04037	0.35002
22.04431	0.35027
22.04825	0.34942
22.0522	0.34933
22.05614	0.3494
22.06009	0.34941
22.06403	0.34911
22.06797	0.34918
22.07192	0.35062
22.07586	0.34892
22.0798	0.34701
22.08375	0.34891
22.08769	0.3514
22.09164	0.35343
22.09558	0.35165
22.09952	0.35055
22.10347	0.35014
22.10741	0.35208
22.11136	0.35398
22.1153	0.35554
22.11924	0.35333
22.12319	0.3533
22.12713	0.35493
22.13108	0.35392
22.13502	0.35349
22.13896	0.35362
22.14291	0.35338
22.14685	0.35378
22.1508	0.35491
22.15474	0.35457
22.15868	0.35546
22.16263	0.35812
22.16657	0.35605
22.17052	0.3554
22.17446	0.35781
22.1784	0.35975
22.18235	0.36026
22.18629	0.35815
22.19024	0.35976
22.19418	0.36217
22.19812	0.36453
22.20207	0.3631
22.20601	0.36106
22.20996	0.36041
22.2139	0.36188
22.21784	0.36331
22.22179	0.3618
22.22573	0.36111
22.22968	0.36114
22.23362	0.36289
22.23756	0.36381
22.24151	0.36407
22.24545	0.36277
22.2494	0.36344
22.25334	0.36507
22.25728	0.36336
22.26123	0.36327
22.26517	0.3643
22.26912	0.36243
22.27306	0.36351
22.277	0.36727
22.28095	0.36744
22.28489	0.36881
22.28884	0.37147
22.29278	0.37205
22.29672	0.37144
22.30067	0.36941
22.30461	0.37011
22.30856	0.37098
22.3125	0.37172
22.31644	0.37265
22.32039	0.37428
22.32433	0.37715
22.32828	0.37729
22.33222	0.37726
22.33616	0.37806
22.34011	0.38073
22.34405	0.38222
22.348	0.37904
22.35194	0.3774
22.35588	0.37665
22.35983	0.3772
22.36377	0.38107
22.36772	0.38494
22.37166	0.38239
22.3756	0.38491
22.37955	0.3892
22.38349	0.38834
22.38744	0.38835
22.39138	0.38904
22.39532	0.39108
22.39927	0.38957
22.40321	0.38564
22.40716	0.38503
22.4111	0.3863
22.41504	0.3892
22.41899	0.39057
22.42293	0.38993
22.42688	0.3872
22.43082	0.39069
22.43476	0.39181
22.43871	0.38974
22.44265	0.38829
22.4466	0.38881
22.45054	0.39219
22.45448	0.39158
22.45843	0.38981
22.46237	0.38691
22.46632	0.38974
22.47026	0.39278
22.4742	0.39396
22.47815	0.39359
22.48209	0.39334
22.48604	0.3944
22.48998	0.39518
22.49392	0.39514
22.49787	0.39277
22.50181	0.39376
22.50576	0.39562
22.5097	0.39549
22.51364	0.39471
22.51759	0.39349
22.52153	0.39159
22.52548	0.39418
22.52942	0.39879
22.53336	0.39793
22.53731	0.39647
22.54125	0.39484
22.5452	0.39686
22.54914	0.39725
22.55308	0.39623
22.55703	0.39374
22.56097	0.39462
22.56492	0.39889
22.56886	0.3962
22.5728	0.39577
22.57675	0.39822
22.58069	0.40248
22.58464	0.40287
22.58858	0.39761
22.59252	0.39619
22.59647	0.39701
22.60041	0.40084
22.60436	0.40052
22.6083	0.39942
22.61224	0.39817
22.61619	0.40001
22.62013	0.40243
22.62408	0.40444
22.62802	0.40469
22.63196	0.4056
22.63591	0.41025
22.63985	0.40884
22.6438	0.40599
22.64774	0.40666
22.65168	0.40959
22.65563	0.41306
22.65957	0.41371
22.66352	0.41236
22.66746	0.41033
22.6714	0.41185
22.67535	0.41147
22.67929	0.40981
22.68324	0.4084
22.68718	0.41063
22.69112	0.41556
22.69507	0.41273
22.69901	0.40992
22.70296	0.40715
22.7069	0.41185
22.71084	0.41481
22.71479	0.4157
22.71873	0.41085
22.72268	0.40886
22.72662	0.41118
22.73056	0.4145
22.73451	0.41484
22.73845	0.4102
22.7424	0.40995
22.74634	0.41135
22.75028	0.4146
22.75423	0.4116
22.75817	0.4095
22.76212	0.41283
22.76606	0.41719
22.77	0.41979
22.77395	0.41641
22.77789	0.41488
22.78184	0.41508
22.78578	0.41923
22.78972	0.41993
22.79367	0.41821
22.79761	0.41217
22.80156	0.4171
22.8055	0.42621
22.80944	0.42303
22.81339	0.41837
22.81733	0.41387
22.82128	0.42187
22.82522	0.42666
22.82916	0.42871
22.83311	0.42518
22.83705	0.42496
22.841	0.4278
22.84494	0.42993
22.84888	0.42882
22.85283	0.42415
22.85677	0.43172
22.86072	0.43611
22.86466	0.43563
22.8686	0.43374
22.87255	0.43462
22.87649	0.44
22.88044	0.4433
22.88438	0.44418
22.88832	0.44117
22.89227	0.44354
22.89621	0.44697
22.90016	0.45029
22.9041	0.44669
22.90804	0.44303
22.91199	0.44445
22.91593	0.44889
22.91988	0.45237
22.92382	0.44878
22.92776	0.44563
22.93171	0.44501
22.93565	0.45513
22.9396	0.45671
22.94354	0.45302
22.94748	0.44417
22.95143	0.44444
22.95537	0.44992
22.95932	0.45076
22.96326	0.44816
22.9672	0.44349
22.97115	0.44788
22.97509	0.4508
22.97904	0.45235
22.98298	0.44647
22.98692	0.44473
22.99087	0.44734
22.99481	0.45051
22.99876	0.45049
23.0027	0.44647
23.00664	0.44828
23.01059	0.45075
23.01453	0.45348
23.01848	0.45221
23.02242	0.45019
23.02636	0.44783
23.03031	0.452
23.03425	0.4552
23.0382	0.45361
23.04214	0.44967
23.04608	0.44824
23.05003	0.45507
23.05397	0.4542
23.05792	0.45063
23.06186	0.44647
23.0658	0.45144
23.06975	0.45881
23.07369	0.46049
23.07764	0.45593
23.08158	0.44975
23.08552	0.45209
23.08947	0.45399
23.09341	0.45519
23.09736	0.45265
23.1013	0.45264
23.10524	0.45455
23.10919	0.45812
23.11313	0.45627
23.11708	0.44997
23.12102	0.45194
23.12496	0.45803
23.12891	0.46827
23.13285	0.45846
23.1368	0.45188
23.14074	0.44976
23.14468	0.45555
23.14863	0.45973
23.15257	0.46084
23.15652	0.45372
23.16046	0.45075
23.1644	0.45656
23.16835	0.45995
23.17229	0.45984
23.17623	0.4534
23.18018	0.45277
23.18412	0.45459
23.18807	0.45904
23.19201	0.45375
23.19595	0.44888
23.1999	0.45475
23.20384	0.46121
23.20779	0.46554
23.21173	0.46046
23.21567	0.45707
23.21962	0.45628
23.22356	0.46516
23.22751	0.46785
23.23145	0.46678
23.23539	0.4642
23.23934	0.46628
23.24328	0.47135
23.24723	0.4734
23.25117	0.46965
23.25511	0.46166
23.25906	0.47082
23.263	0.47708
23.26695	0.48051
23.27089	0.47522
23.27483	0.47232
23.27878	0.47233
23.28272	0.47622
23.28667	0.47812
23.29061	0.47699
23.29455	0.47397
23.2985	0.47515
23.30244	0.48354
23.30639	0.47949
23.31033	0.47423
23.31427	0.47061
23.31822	0.47669
23.32216	0.48088
23.32611	0.47529
23.33005	0.47439
23.33399	0.47559
23.33794	0.47892
23.34188	0.48197
23.34583	0.48266
23.34977	0.47489
23.35371	0.47219
23.35766	0.47305
23.3616	0.48023
23.36555	0.4804
23.36949	0.47673
23.37343	0.47315
23.37738	0.4773
23.38132	0.48585
23.38527	0.48653
23.38921	0.4819
23.39315	0.47366
23.3971	0.47923
23.40104	0.48256
23.40499	0.48379
23.40893	0.47946
23.41287	0.47826
23.41682	0.48053
23.42076	0.48714
23.42471	0.48787
23.42865	0.48059
23.43259	0.48024
23.43654	0.48358
23.44048	0.49162
23.44443	0.49326
23.44837	0.49163
23.45231	0.48566
23.45626	0.48799
23.4602	0.49101
23.46415	0.49158
23.46809	0.48984
23.47203	0.48847
23.47598	0.48992
23.47992	0.49382
23.48387	0.49633
23.48781	0.49084
23.49175	0.49123
23.4957	0.49455
23.49964	0.49973
23.50359	0.50017
23.50753	0.49811
23.51147	0.49594
23.51542	0.49726
23.51936	0.50057
23.52331	0.50168
23.52725	0.49961
23.53119	0.49549
23.53514	0.49775
23.53908	0.50118
23.54303	0.5056
23.54697	0.50131
23.55091	0.49873
23.55486	0.49796
23.5588	0.50337
23.56275	0.50592
23.56669	0.50458
23.57063	0.5021
23.57458	0.50242
23.57852	0.5071
23.58247	0.50761
23.58641	0.50605
23.59035	0.50184
23.5943	0.5055
23.59824	0.51081
23.60219	0.51636
23.60613	0.51115
23.61007	0.50699
23.61402	0.51315
23.61796	0.51587
23.62191	0.51643
23.62585	0.51357
23.62979	0.51382
23.63374	0.51614
23.63768	0.52193
23.64163	0.52156
23.64557	0.51806
23.64951	0.51432
23.65346	0.51771
23.6574	0.52469
23.66135	0.52523
23.66529	0.52302
23.66923	0.51916
23.67318	0.52064
23.67712	0.52204
23.68107	0.52338
23.68501	0.52491
23.68895	0.5239
23.6929	0.5203
23.69684	0.52505
23.70079	0.52641
23.70473	0.5234
23.70867	0.52212
23.71262	0.52342
23.71656	0.52827
23.72051	0.53267
23.72445	0.53401
23.72839	0.53021
23.73234	0.52395
23.73628	0.52312
23.74023	0.53446
23.74417	0.53541
23.74811	0.53246
23.75206	0.52607
23.756	0.53018
23.75995	0.53635
23.76389	0.53863
23.76783	0.53369
23.77178	0.52846
23.77572	0.53361
23.77967	0.54115
23.78361	0.54717
23.78755	0.53861
23.7915	0.53591
23.79544	0.53719
23.79939	0.5432
23.80333	0.54365
23.80727	0.54025
23.81122	0.5372
23.81516	0.53909
23.81911	0.54503
23.82305	0.54977
23.82699	0.54762
23.83094	0.53873
23.83488	0.54113
23.83883	0.54361
23.84277	0.54595
23.84671	0.54254
23.85066	0.54012
23.8546	0.53959
23.85855	0.54287
23.86249	0.54493
23.86643	0.54425
23.87038	0.54299
23.87432	0.54283
23.87827	0.54509
23.88221	0.55015
23.88615	0.55292
23.8901	0.54854
23.89404	0.54894
23.89799	0.5516
23.90193	0.55676
23.90587	0.55597
23.90982	0.55376
23.91376	0.55461
23.91771	0.56013
23.92165	0.56623
23.92559	0.56444
23.92954	0.56101
23.93348	0.5574
23.93743	0.55913
23.94137	0.56336
23.94531	0.56897
23.94926	0.57124
23.9532	0.56974
23.95715	0.56544
23.96109	0.56649
23.96503	0.56831
23.96898	0.57088
23.97292	0.57036
23.97687	0.57153
23.98081	0.5746
23.98475	0.57658
23.9887	0.5768
23.99264	0.57474
23.99659	0.57283
24.00053	0.57319
24.00447	0.57713
24.00842	0.57602
24.01236	0.57412
24.01631	0.57221
24.02025	0.57532
24.02419	0.57703
24.02814	0.57299
24.03208	0.57059
24.03603	0.57007
24.03997	0.57364
24.04391	0.5769
24.04786	0.57845
24.0518	0.57418
24.05575	0.57296
24.05969	0.5741
24.06363	0.58016
24.06758	0.58196
24.07152	0.58091
24.07547	0.57605
24.07941	0.57707
24.08335	0.58126
24.0873	0.5796
24.09124	0.57571
24.09519	0.57053
24.09913	0.57335
24.10307	0.5755
24.10702	0.57701
24.11096	0.57097
24.11491	0.56945
24.11885	0.57277
24.12279	0.57271
24.12674	0.57441
24.13068	0.57851
24.13463	0.57589
24.13857	0.57402
24.14251	0.57417
24.14646	0.58003
24.1504	0.58354
24.15435	0.58132
24.15829	0.57858
24.16223	0.57861
24.16618	0.58497
24.17012	0.58875
24.17407	0.58978
24.17801	0.58519
24.18195	0.58526
24.1859	0.58794
24.18984	0.59415
24.19379	0.59803
24.19773	0.60969
24.20167	0.60227
24.20562	0.62075
24.20956	0.61244
24.21351	0.6158
24.21745	0.62632
24.22139	0.59409
24.22534	0.59428
24.22928	0.62447
24.23323	0.60635
24.23717	0.61252
24.24111	0.62984
24.24506	0.59064
24.249	0.61893
24.25294	0.63209
24.25689	0.61866
24.26083	0.62159
24.26478	0.62003
24.26872	0.61307
24.27266	0.63154
24.27661	0.63352
24.28055	0.6288
24.2845	0.62254
24.28844	0.62276
24.29238	0.6403
24.29633	0.63225
24.30027	0.63197
24.30422	0.63321
24.30816	0.62441
24.3121	0.62989
24.31605	0.64338
24.31999	0.6368
24.32394	0.62792
24.32788	0.62241
24.33182	0.62234
24.33577	0.62908
24.33971	0.63431
24.34366	0.63253
24.3476	0.62434
24.35154	0.62485
24.35549	0.63603
24.35943	0.63664
24.36338	0.63598
24.36732	0.63222
24.37126	0.6274
24.37521	0.6401
24.37915	0.64412
24.3831	0.65212
24.38704	0.64464
24.39098	0.64151
24.39493	0.63835
24.39887	0.64696
24.40282	0.65332
24.40676	0.6556
24.4107	0.64289
24.41465	0.6411
24.41859	0.64777
24.42254	0.65418
24.42648	0.65516
24.43042	0.66089
24.43437	0.64354
24.43831	0.64062
24.44226	0.66258
24.4462	0.65584
24.45014	0.65413
24.45409	0.65067
24.45803	0.64354
24.46198	0.65213
24.46592	0.67445
24.46986	0.65622
24.47381	0.66274
24.47775	0.65093
24.4817	0.64992
24.48564	0.67103
24.48958	0.64781
24.49353	0.64427
24.49747	0.63948
24.50142	0.64334
24.50536	0.65248
24.5093	0.65995
24.51325	0.66658
24.51719	0.67217
24.52114	0.66973
24.52508	0.66446
24.52902	0.65668
24.53297	0.65597
24.53691	0.65418
24.54086	0.65124
24.5448	0.65263
24.54874	0.65531
24.55269	0.65941
24.55663	0.65412
24.56058	0.65158
24.56452	0.6544
24.56846	0.65725
24.57241	0.6595
24.57635	0.66064
24.5803	0.655
24.58424	0.65193
24.58818	0.65736
24.59213	0.66458
24.59607	0.66935
24.60002	0.66634
24.60396	0.66496
24.6079	0.66619
24.61185	0.67439
24.61579	0.6735
24.61974	0.66984
24.62368	0.67048
24.62762	0.66935
24.63157	0.66817
24.63551	0.67197
24.63946	0.67418
24.6434	0.67473
24.64734	0.66899
24.65129	0.6692
24.65523	0.67315
24.65918	0.66756
24.66312	0.66475
24.66706	0.66455
24.67101	0.6772
24.67495	0.68196
24.6789	0.67868
24.68284	0.67892
24.68678	0.67879
24.69073	0.67812
24.69467	0.67527
24.69862	0.67385
24.70256	0.67473
24.7065	0.67673
24.71045	0.67841
24.71439	0.67933
24.71834	0.68422
24.72228	0.68737
24.72622	0.68537
24.73017	0.68309
24.73411	0.68182
24.73806	0.68333
24.742	0.68529
24.74594	0.68632
24.74989	0.68396
24.75383	0.68656
24.75778	0.69036
24.76172	0.69111
24.76566	0.69275
24.76961	0.69364
24.77355	0.68804
24.7775	0.688
24.78144	0.69128
24.78538	0.69534
24.78933	0.69396
24.79327	0.68922
24.79722	0.69006
24.80116	0.6931
24.8051	0.69775
24.80905	0.69501
24.81299	0.69467
24.81694	0.69669
24.82088	0.69207
24.82482	0.68997
24.82877	0.69093
24.83271	0.6969
24.83666	0.70075
24.8406	0.70124
24.84454	0.69876
24.84849	0.69705
24.85243	0.69718
24.85638	0.69934
24.86032	0.70179
24.86426	0.70414
24.86821	0.69958
24.87215	0.69609
24.8761	0.69902
24.88004	0.70174
24.88398	0.70234
24.88793	0.69676
24.89187	0.6974
24.89582	0.70014
24.89976	0.70209
24.9037	0.70318
24.90765	0.70338
24.91159	0.70096
24.91554	0.70037
24.91948	0.70126
24.92342	0.70557
24.92737	0.70406
24.93131	0.69891
24.93526	0.69658
24.9392	0.70183
24.94314	0.7125
24.94709	0.70713
24.95103	0.70601
24.95498	0.7089
24.95892	0.71022
24.96286	0.71146
24.96681	0.71262
24.97075	0.71125
24.9747	0.7087
24.97864	0.70475
24.98258	0.70619
24.98653	0.70975
24.99047	0.71583
24.99442	0.70921
24.99836	0.70412
25.0023	0.7057
25.00625	0.70933
25.01019	0.71225
25.01414	0.71251
25.01808	0.71166
25.02202	0.7107
25.02597	0.71032
25.02991	0.7171
25.03386	0.72497
25.0378	0.72757
25.04174	0.72106
25.04569	0.71343
25.04963	0.71942
25.05358	0.72061
25.05752	0.71913
25.06146	0.71685
25.06541	0.71691
25.06935	0.71844
25.0733	0.71952
25.07724	0.72145
25.08118	0.72406
25.08513	0.72691
25.08907	0.7304
25.09302	0.73442
25.09696	0.73076
25.1009	0.72542
25.10485	0.71827
25.10879	0.71952
25.11274	0.72133
25.11668	0.72341
25.12062	0.7247
25.12457	0.72764
25.12851	0.73318
25.13246	0.73166
25.1364	0.73092
25.14034	0.7334
25.14429	0.73272
25.14823	0.73217
25.15218	0.73327
25.15612	0.73758
25.16006	0.74152
25.16401	0.74212
25.16795	0.74053
25.1719	0.73869
25.17584	0.73851
25.17978	0.73814
25.18373	0.73739
25.18767	0.73529
25.19162	0.73402
25.19556	0.73364
25.1995	0.73608
25.20345	0.73558
25.20739	0.73387
25.21134	0.73751
25.21528	0.74137
25.21922	0.74516
25.22317	0.7451
25.22711	0.74103
25.23106	0.73364
25.235	0.73686
25.23894	0.74814
25.24289	0.76774
25.24683	0.80362
25.25078	0.81871
25.25472	0.80777
25.25866	0.78306
25.26261	0.76846
25.26655	0.77008
25.2705	0.75674
25.27444	0.74435
25.27838	0.73699
25.28233	0.7383
25.28627	0.74014
25.29022	0.73973
25.29416	0.74353
25.2981	0.7448
25.30205	0.73685
25.30599	0.74626
25.30994	0.75698
25.31388	0.75403
25.31782	0.74725
25.32177	0.74189
25.32571	0.74878
25.32966	0.75035
25.3336	0.7501
25.33754	0.75419
25.34149	0.75672
25.34543	0.75796
25.34937	0.75607
25.35332	0.75958
25.35726	0.76634
25.36121	0.76572
25.36515	0.76107
25.36909	0.75333
25.37304	0.75766
25.37698	0.76118
25.38093	0.76389
25.38487	0.76184
25.38881	0.76023
25.39276	0.75924
25.3967	0.76085
25.40065	0.76319
25.40459	0.76631
25.40853	0.76008
25.41248	0.75203
25.41642	0.74275
25.42037	0.74966
25.42431	0.75656
25.42825	0.75785
25.4322	0.75395
25.43614	0.75159
25.44009	0.75597
25.44403	0.75535
25.44797	0.75478
25.45192	0.75896
25.45586	0.75667
25.45981	0.7534
25.46375	0.75591
25.46769	0.75934
25.47164	0.76325
25.47558	0.76733
25.47953	0.76286
25.48347	0.75447
25.48741	0.75252
25.49136	0.75218
25.4953	0.75318
25.49925	0.75745
25.50319	0.75117
25.50713	0.73728
25.51108	0.74753
25.51502	0.75735
25.51897	0.76679
25.52291	0.76384
25.52685	0.7606
25.5308	0.75713
25.53474	0.76062
25.53869	0.76434
25.54263	0.76787
25.54657	0.77382
25.55052	0.77522
25.55446	0.76897
25.55841	0.77671
25.56235	0.78452
25.56629	0.78822
25.57024	0.78595
25.57418	0.78101
25.57813	0.7729
25.58207	0.77454
25.58601	0.77816
25.58996	0.77944
25.5939	0.7765
25.59785	0.77437
25.60179	0.78078
25.60573	0.78783
25.60968	0.79403
25.61362	0.79474
25.61757	0.79475
25.62151	0.79351
25.62545	0.78642
25.6294	0.79051
25.63334	0.80066
25.63729	0.7986
25.64123	0.79148
25.64517	0.78103
25.64912	0.78237
25.65306	0.78861
25.65701	0.7993
25.66095	0.79327
25.66489	0.79247
25.66884	0.79733
25.67278	0.79789
25.67673	0.79761
25.68067	0.79646
25.68461	0.79031
25.68856	0.78413
25.6925	0.77861
25.69645	0.78925
25.70039	0.79954
25.70433	0.80487
25.70828	0.79497
25.71222	0.78579
25.71617	0.78515
25.72011	0.79677
25.72405	0.8052
25.728	0.79579
25.73194	0.79235
25.73589	0.79121
25.73983	0.79094
25.74377	0.78665
25.74772	0.78323
25.75166	0.79138
25.75561	0.79125
25.75955	0.78661
25.76349	0.78038
25.76744	0.78564
25.77138	0.796
25.77533	0.7876
25.77927	0.78246
25.78321	0.7806
25.78716	0.79375
25.7911	0.7983
25.79505	0.79546
25.79899	0.80779
25.80293	0.80759
25.80688	0.79437
25.81082	0.79123
25.81477	0.79782
25.81871	0.81602
25.82265	0.81342
25.8266	0.81064
25.83054	0.81003
25.83449	0.80931
25.83843	0.80848
25.84237	0.80751
25.84632	0.80045
25.85026	0.79984
25.85421	0.8154
25.85815	0.816
25.86209	0.81595
25.86604	0.82404
25.86998	0.823
25.87393	0.81891
25.87787	0.81446
25.88181	0.81377
25.88576	0.81604
25.8897	0.8244
25.89365	0.82433
25.89759	0.8212
25.90153	0.8242
25.90548	0.821
25.90942	0.81529
25.91337	0.81948
25.91731	0.81812
25.92125	0.81304
25.9252	0.81124
25.92914	0.81068
25.93309	0.81127
25.93703	0.817
25.94097	0.81484
25.94492	0.80478
25.94886	0.80094
25.95281	0.80491
25.95675	0.81799
25.96069	0.82615
25.96464	0.83052
25.96858	0.83002
25.97253	0.83358
25.97647	0.85101
25.98041	0.89102
25.98436	0.92688
25.9883	0.94052
25.99225	0.91047
25.99619	0.88195
26.00013	0.85783
26.00408	0.84371
26.00802	0.83685
26.01197	0.83364
26.01591	0.8349
26.01985	0.83615
26.0238	0.84192
26.02774	0.86554
26.03169	0.8618
26.03563	0.84784
26.03957	0.84775
26.04352	0.84732
26.04746	0.84735
26.05141	0.85217
26.05535	0.85713
26.05929	0.86097
26.06324	0.84963
26.06718	0.84631
26.07113	0.84962
26.07507	0.85689
26.07901	0.85938
26.08296	0.85728
26.0869	0.84791
26.09085	0.84467
26.09479	0.84853
26.09873	0.84379
26.10268	0.84067
26.10662	0.8404
26.11057	0.8433
26.11451	0.84762
26.11845	0.85365
26.1224	0.85523
26.12634	0.85649
26.13029	0.85853
26.13423	0.84958
26.13817	0.84163
26.14212	0.84177
26.14606	0.84307
26.15001	0.84469
26.15395	0.84625
26.15789	0.84482
26.16184	0.84402
26.16578	0.84961
26.16973	0.84873
26.17367	0.8459
26.17761	0.8478
26.18156	0.84551
26.1855	0.84206
26.18945	0.84636
26.19339	0.84814
26.19733	0.85013
26.20128	0.87224
26.20522	0.8708
26.20917	0.85204
26.21311	0.85579
26.21705	0.85175
26.221	0.84051
26.22494	0.83406
26.22889	0.8356
26.23283	0.84585
26.23677	0.86267
26.24072	0.8724
26.24466	0.87255
26.24861	0.88093
26.25255	0.88476
26.25649	0.88033
26.26044	0.87606
26.26438	0.8725
26.26833	0.87021
26.27227	0.8609
26.27621	0.85581
26.28016	0.86352
26.2841	0.86684
26.28805	0.86695
26.29199	0.86144
26.29593	0.86415
26.29988	0.86816
26.30382	0.86679
26.30777	0.86767
26.31171	0.86863
26.31565	0.86553
26.3196	0.86336
26.32354	0.86335
26.32749	0.87407
26.33143	0.87042
26.33537	0.85817
26.33932	0.84922
26.34326	0.8492
26.34721	0.85548
26.35115	0.85498
26.35509	0.86111
26.35904	0.87298
26.36298	0.87232
26.36693	0.86833
26.37087	0.86084
26.37481	0.8576
26.37876	0.85915
26.3827	0.86651
26.38665	0.86121
26.39059	0.85196
26.39453	0.83841
26.39848	0.85431
26.40242	0.86436
26.40637	0.85695
26.41031	0.84984
26.41425	0.84434
26.4182	0.84218
26.42214	0.84207
26.42609	0.84698
26.43003	0.86369
26.43397	0.8702
26.43792	0.87179
26.44186	0.86817
26.4458	0.87529
26.44975	0.88468
26.45369	0.8851
26.45764	0.87663
26.46158	0.867
26.46552	0.87618
26.46947	0.88133
26.47341	0.88378
26.47736	0.88366
26.4813	0.88656
26.48524	0.89036
26.48919	0.87483
26.49313	0.87358
26.49708	0.88451
26.50102	0.89792
26.50496	0.90286
26.50891	0.89925
26.51285	0.88783
26.5168	0.88673
26.52074	0.89819
26.52468	0.88819
26.52863	0.88711
26.53257	0.90085
26.53652	0.89945
26.54046	0.89514
26.5444	0.88905
26.54835	0.90412
26.55229	0.91392
26.55624	0.90514
26.56018	0.90848
26.56412	0.91084
26.56807	0.90347
26.57201	0.91827
26.57596	0.93013
26.5799	0.91135
26.58384	0.90669
26.58779	0.90596
26.59173	0.89908
26.59568	0.90162
26.59962	0.90678
26.60356	0.90216
26.60751	0.89666
26.61145	0.89042
26.6154	0.88245
26.61934	0.8895
26.62328	0.90577
26.62723	0.90785
26.63117	0.90455
26.63512	0.8973
26.63906	0.90524
26.643	0.91115
26.64695	0.9151
26.65089	0.9186
26.65484	0.92046
26.65878	0.92043
26.66272	0.91463
26.66667	0.91537
26.67061	0.92552
26.67456	0.92367
26.6785	0.92049
26.68244	0.91728
26.68639	0.90797
26.69033	0.90435
26.69428	0.91389
26.69822	0.91459
26.70216	0.91142
26.70611	0.90374
26.71005	0.89962
26.714	0.89806
26.71794	0.90102
26.72188	0.91024
26.72583	0.9177
26.72977	0.90981
26.73372	0.89579
26.73766	0.88379
26.7416	0.89562
26.74555	0.9146
26.74949	0.93276
26.75344	0.91762
26.75738	0.91213
26.76132	0.91413
26.76527	0.92886
26.76921	0.93287
26.77316	0.92878
26.7771	0.93197
26.78104	0.92186
26.78499	0.89938
26.78893	0.91207
26.79288	0.92188
26.79682	0.92838
26.80076	0.93628
26.80471	0.93321
26.80865	0.91567
26.8126	0.92217
26.81654	0.92651
26.82048	0.92385
26.82443	0.92683
26.82837	0.92578
26.83232	0.91554
26.83626	0.91199
26.8402	0.91429
26.84415	0.92672
26.84809	0.93912
26.85204	0.9452
26.85598	0.93354
26.85992	0.913
26.86387	0.898
26.86781	0.91366
26.87176	0.92248
26.8757	0.92439
26.87964	0.90785
26.88359	0.89658
26.88753	0.8915
26.89148	0.90852
26.89542	0.91114
26.89936	0.90779
26.90331	0.93505
26.90725	0.93378
26.9112	0.91149
26.91514	0.8977
26.91908	0.89981
26.92303	0.916
26.92697	0.91241
26.93092	0.904
26.93486	0.89048
26.9388	0.90852
26.94275	0.92823
26.94669	0.94858
26.95064	0.95629
26.95458	0.95155
26.95852	0.92978
26.96247	0.92934
26.96641	0.93082
26.97036	0.93045
26.9743	0.95521
26.97824	0.9727
26.98219	0.96373
26.98613	0.94917
26.99008	0.93844
26.99402	0.94186
26.99796	0.95417
27.00191	0.96114
27.00585	0.94029
27.0098	0.93591
27.01374	0.93891
27.01768	0.94457
27.02163	0.95441
27.02557	0.96464
27.02952	0.96478
27.03346	0.96681
27.0374	0.96833
27.04135	0.95531
27.04529	0.95226
27.04924	0.9566
27.05318	0.96383
27.05712	0.96184
27.06107	0.95205
27.06501	0.94822
27.06896	0.95408
27.0729	0.9698
27.07684	0.98643
27.08079	0.99045
27.08473	0.97924
27.08868	0.96519
27.09262	0.95453
27.09656	0.94904
27.10051	0.96644
27.10445	0.97364
27.1084	0.95845
27.11234	0.9498
27.11628	0.94737
27.12023	0.95538
27.12417	0.95564
27.12812	0.95306
27.13206	0.94809
27.136	0.94617
27.13995	0.94608
27.14389	0.9487
27.14784	0.94796
27.15178	0.94822
27.15572	0.95787
27.15967	0.96411
27.16361	0.96909
27.16756	0.97599
27.1715	0.97957
27.17544	0.98003
27.17939	0.97083
27.18333	0.96793
27.18728	0.97086
27.19122	0.99362
27.19516	1.00303
27.19911	1.0008
27.20305	0.97598
27.207	0.9652
27.21094	0.96816
27.21488	0.99493
27.21883	1.01322
27.22277	1.02125
27.22672	0.99693
27.23066	0.98765
27.2346	1.00187
27.23855	1.01285
27.24249	1.02581
27.24644	1.04261
27.25038	1.03006
27.25432	1.01074
27.25827	0.98777
27.26221	0.99638
27.26616	1.01544
27.2701	1.0423
27.27404	1.03939
27.27799	1.02434
27.28193	0.99934
27.28588	1.0021
27.28982	1.0204
27.29376	1.05858
27.29771	1.06457
27.30165	1.05334
27.3056	1.02939
27.30954	1.01989
27.31348	1.02236
27.31743	1.05332
27.32137	1.07395
27.32532	1.08432
27.32926	1.05556
27.3332	1.03638
27.33715	1.0258
27.34109	1.04192
27.34504	1.06096
27.34898	1.08275
27.35292	1.07482
27.35687	1.05702
27.36081	1.02842
27.36476	1.03085
27.3687	1.04743
27.37264	1.08066
27.37659	1.0922
27.38053	1.08698
27.38448	1.05875
27.38842	1.04823
27.39236	1.05226
27.39631	1.07875
27.40025	1.09614
27.4042	1.10034
27.40814	1.07866
27.41208	1.05727
27.41603	1.04454
27.41997	1.05618
27.42392	1.08025
27.42786	1.10421
27.4318	1.11203
27.43575	1.09916
27.43969	1.07905
27.44364	1.06731
27.44758	1.09594
27.45152	1.1409
27.45547	1.15286
27.45941	1.13465
27.46336	1.09889
27.4673	1.07985
27.47124	1.08725
27.47519	1.11449
27.47913	1.13718
27.48308	1.14457
27.48702	1.13808
27.49096	1.11627
27.49491	1.10928
27.49885	1.11814
27.5028	1.14961
27.50674	1.16877
27.51068	1.17116
27.51463	1.14512
27.51857	1.12555
27.52252	1.11953
27.52646	1.14194
27.5304	1.16418
27.53435	1.1789
27.53829	1.15616
27.54223	1.12818
27.54618	1.10503
27.55012	1.11672
27.55407	1.13633
27.55801	1.1526
27.56195	1.14502
27.5659	1.12891
27.56984	1.11093
27.57379	1.1075
27.57773	1.11311
27.58167	1.13187
27.58562	1.13965
27.58956	1.13895
27.59351	1.12057
27.59745	1.10446
27.60139	1.09356
27.60534	1.11713
27.60928	1.13895
27.61323	1.15709
27.61717	1.1358
27.62111	1.11507
27.62506	1.09521
27.629	1.10016
27.63295	1.11423
27.63689	1.13764
27.64083	1.13984
27.64478	1.13194
27.64872	1.1125
27.65267	1.11122
27.65661	1.11867
27.66055	1.13677
27.6645	1.14789
27.66844	1.14862
27.67239	1.1329
27.67633	1.11757
27.68027	1.11147
27.68422	1.1246
27.68816	1.16665
27.69211	1.2044
27.69605	1.21275
27.69999	1.18725
27.70394	1.16038
27.70788	1.16364
27.71183	1.18422
27.71577	1.20977
27.71971	1.22753
27.72366	1.21822
27.7276	1.19955
27.73155	1.20171
27.73549	1.20735
27.73943	1.21651
27.74338	1.23768
27.74732	1.24355
27.75127	1.23821
27.75521	1.22577
27.75915	1.21999
27.7631	1.22027
27.76704	1.24209
27.77099	1.26287
27.77493	1.28263
27.77887	1.27509
27.78282	1.26083
27.78676	1.23929
27.79071	1.25864
27.79465	1.27966
27.79859	1.29933
27.80254	1.29421
27.80648	1.27678
27.81043	1.24364
27.81437	1.26207
27.81831	1.28571
27.82226	1.30215
27.8262	1.30995
27.83015	1.30486
27.83409	1.27316
27.83803	1.27774
27.84198	1.29661
27.84592	1.32585
27.84987	1.33528
27.85381	1.33036
27.85775	1.29874
27.8617	1.29326
27.86564	1.29885
27.86959	1.29918
27.87353	1.31093
27.87747	1.32856
27.88142	1.34238
27.88536	1.33771
27.88931	1.32074
27.89325	1.30484
27.89719	1.31341
27.90114	1.34148
27.90508	1.36917
27.90903	1.36798
27.91297	1.33945
27.91691	1.31779
27.92086	1.30552
27.9248	1.30373
27.92875	1.31939
27.93269	1.3338
27.93663	1.34532
27.94058	1.3225
27.94452	1.29358
27.94847	1.26055
27.95241	1.27192
27.95635	1.28605
27.9603	1.29215
27.96424	1.26809
27.96819	1.23632
27.97213	1.20182
27.97607	1.19864
27.98002	1.20879
27.98396	1.23177
27.98791	1.23509
27.99185	1.22075
27.99579	1.16766
27.99974	1.16645
28.00368	1.1916
28.00763	1.23351
28.01157	1.24956
28.01551	1.25195
28.01946	1.25565
28.0234	1.24639
28.02735	1.2318
28.03129	1.24848
28.03523	1.26906
28.03918	1.2897
28.04312	1.24832
28.04707	1.21639
28.05101	1.19315
28.05495	1.2133
28.0589	1.24201
28.06284	1.27997
28.06679	1.28422
28.07073	1.28834
28.07467	1.29414
28.07862	1.28118
28.08256	1.2747
28.08651	1.28067
28.09045	1.34861
28.09439	1.3962
28.09834	1.39023
28.10228	1.33627
28.10623	1.30259
28.11017	1.33546
28.11411	1.36169
28.11806	1.38359
28.122	1.39852
28.12595	1.37464
28.12989	1.34326
28.13383	1.33129
28.13778	1.36435
28.14172	1.40554
28.14567	1.39851
28.14961	1.40466
28.15355	1.41174
28.1575	1.3831
28.16144	1.373
28.16539	1.3804
28.16933	1.44411
28.17327	1.48644
28.17722	1.51027
28.18116	1.48632
28.18511	1.45876
28.18905	1.42889
28.19299	1.46557
28.19694	1.50698
28.20088	1.55328
28.20483	1.56418
28.20877	1.54751
28.21271	1.49827
28.21666	1.44838
28.2206	1.43106
28.22455	1.46148
28.22849	1.53051
28.23243	1.5666
28.23638	1.53614
28.24032	1.50026
28.24427	1.49271
28.24821	1.54731
28.25215	1.57337
28.2561	1.59597
28.26004	1.62816
28.26399	1.61699
28.26793	1.58687
28.27187	1.54054
28.27582	1.5332
28.27976	1.55783
28.28371	1.65089
28.28765	1.67477
28.29159	1.66031
28.29554	1.62044
28.29948	1.59901
28.30343	1.59685
28.30737	1.66421
28.31131	1.69601
28.31526	1.7011
28.3192	1.68297
28.32315	1.63144
28.32709	1.55409
28.33103	1.57283
28.33498	1.6106
28.33892	1.66731
28.34287	1.61442
28.34681	1.58599
28.35075	1.5891
28.3547	1.57827
28.35864	1.60402
28.36259	1.68241
28.36653	1.76242
28.37047	1.7891
28.37442	1.72591
28.37836	1.67179
28.38231	1.63972
28.38625	1.6491
28.39019	1.7343
28.39414	1.80329
28.39808	1.78813
28.40203	1.74334
28.40597	1.69328
28.40991	1.65469
28.41386	1.67944
28.4178	1.72838
28.42175	1.77764
28.42569	1.77528
28.42963	1.74482
28.43358	1.69345
28.43752	1.6651
28.44147	1.6614
28.44541	1.74515
28.44935	1.80032
28.4533	1.82889
28.45724	1.76788
28.46119	1.70952
28.46513	1.65679
28.46907	1.70855
28.47302	1.76783
28.47696	1.8343
28.48091	1.82397
28.48485	1.79297
28.48879	1.73942
28.49274	1.71099
28.49668	1.71721
28.50063	1.76824
28.50457	1.82806
28.50851	1.85223
28.51246	1.81757
28.5164	1.77017
28.52035	1.73876
28.52429	1.74221
28.52823	1.79635
28.53218	1.85982
28.53612	1.91897
28.54007	1.86663
28.54401	1.78356
28.54795	1.70423
28.5519	1.72568
28.55584	1.79414
28.55979	1.90156
28.56373	1.93731
28.56767	1.9305
28.57162	1.87206
28.57556	1.81864
28.57951	1.78649
28.58345	1.88089
28.58739	1.95016
28.59134	2.00214
28.59528	2.04361
28.59923	1.99728
28.60317	1.8896
28.60711	1.92901
28.61106	2.00997
28.615	2.12907
