#============================================================================
# Opacities computed by OpTool        <a^n>=  8.2877E-2  1.1097E-1  5.3228E-1
# Method:   DHS  fmax=  0.800
# Parameters:
#   amin [um]=      0.050 amax [um]=   3000.000  na  =   72    apow=   3.5    
#   lmin [um]=      0.050 lmax [um]=  10000.000  nlam=  300    nang=   180
#   porosity =      0.250 p_mantle =      0.250  fmax= 0.80    chop=   0.0
# Composition:
#  Where   mfrac  rho   Material
#  -----   -----  ----  -----------------------------------------------------
#  core    0.870  3.01  pyr-mg70
#  core    0.130  1.80  c
#  - - -   - - -  -  -  - - - - - - - - - - - - - - - - - - - - - - - - - - -
#  grain   1.000  2.08  mixture of  2 materials and vacuum
#----------------------------------------------------------------------------
# Command: ./optool pyr-mg70 0.87 c 0.13 -p 0.25
#============================================================================
# Standard output file, no scattering matrix
#    iformat
#    nlambda
#    lambda[um]  kabs [cm^2/g]  ksca [cm^2/g]    g_asymmetry
#============================================================================
           3
         300
   5.000000E-02   4.227982E+02   6.643914E+02   9.430893E-01
   5.208338E-02   4.213642E+02   6.703001E+02   9.415392E-01
   5.425358E-02   4.198227E+02   6.758755E+02   9.397865E-01
   5.651420E-02   4.181265E+02   6.809670E+02   9.379171E-01
   5.886902E-02   4.163553E+02   6.855724E+02   9.362087E-01
   6.132195E-02   4.144728E+02   6.896227E+02   9.345426E-01
   6.387710E-02   4.124552E+02   6.930661E+02   9.326482E-01
   6.653871E-02   4.102450E+02   6.958484E+02   9.306903E-01
   6.931123E-02   4.079922E+02   6.980423E+02   9.288793E-01
   7.219927E-02   4.056491E+02   6.995463E+02   9.270868E-01
   7.520764E-02   4.031330E+02   7.002810E+02   9.251144E-01
   7.834137E-02   4.004389E+02   7.003646E+02   9.231601E-01
   8.160568E-02   3.977438E+02   6.998412E+02   9.213581E-01
   8.500600E-02   3.949599E+02   6.986266E+02   9.194935E-01
   8.854800E-02   3.919740E+02   6.966120E+02   9.174626E-01
   9.223759E-02   3.888320E+02   6.940635E+02   9.154343E-01
   9.608092E-02   3.857226E+02   6.909989E+02   9.136096E-01
   1.000844E-01   3.826374E+02   6.872308E+02   9.117658E-01
   1.042547E-01   3.831619E+02   6.791382E+02   9.102041E-01
   1.085987E-01   3.830606E+02   6.717786E+02   9.084935E-01
   1.131238E-01   3.822519E+02   6.652657E+02   9.066961E-01
   1.178374E-01   3.808473E+02   6.590461E+02   9.046727E-01
   1.227474E-01   3.793998E+02   6.522284E+02   9.025602E-01
   1.278620E-01   3.777364E+02   6.458129E+02   9.003990E-01
   1.331897E-01   3.749159E+02   6.407659E+02   8.980985E-01
   1.387394E-01   3.713721E+02   6.356411E+02   8.957224E-01
   1.445204E-01   3.683898E+02   6.292528E+02   8.933925E-01
   1.505422E-01   3.636361E+02   6.256289E+02   8.906116E-01
   1.568150E-01   3.546673E+02   6.246132E+02   8.877200E-01
   1.633491E-01   3.473243E+02   6.173031E+02   8.860799E-01
   1.701555E-01   3.446767E+02   6.034904E+02   8.855359E-01
   1.772455E-01   3.447605E+02   5.871138E+02   8.855889E-01
   1.846309E-01   3.461607E+02   5.698054E+02   8.858734E-01
   1.923240E-01   3.496920E+02   5.503143E+02   8.864961E-01
   2.003377E-01   3.552879E+02   5.308725E+02   8.869299E-01
   2.086853E-01   3.642692E+02   5.060922E+02   8.885590E-01
   2.173808E-01   3.726131E+02   4.835690E+02   8.896264E-01
   2.264385E-01   3.773360E+02   4.675651E+02   8.894249E-01
   2.358737E-01   3.805828E+02   4.541515E+02   8.887837E-01
   2.457020E-01   3.841763E+02   4.421939E+02   8.877159E-01
   2.559398E-01   3.872317E+02   4.332132E+02   8.857896E-01
   2.666043E-01   3.887024E+02   4.268511E+02   8.833162E-01
   2.777131E-01   3.886525E+02   4.225298E+02   8.804875E-01
   2.892847E-01   3.873706E+02   4.187205E+02   8.777069E-01
   3.013385E-01   3.852849E+02   4.157051E+02   8.747467E-01
   3.138946E-01   3.819427E+02   4.132134E+02   8.718090E-01
   3.269739E-01   3.776592E+02   4.108500E+02   8.689823E-01
   3.405981E-01   3.726831E+02   4.084236E+02   8.662805E-01
   3.547901E-01   3.673132E+02   4.048994E+02   8.640362E-01
   3.695734E-01   3.621257E+02   4.010225E+02   8.618643E-01
   3.849726E-01   3.570619E+02   3.968287E+02   8.597853E-01
   4.010136E-01   3.519824E+02   3.925799E+02   8.577376E-01
   4.177229E-01   3.462983E+02   3.888056E+02   8.556890E-01
   4.351284E-01   3.410392E+02   3.848349E+02   8.536158E-01
   4.532592E-01   3.357159E+02   3.809042E+02   8.515626E-01
   4.721455E-01   3.304663E+02   3.769820E+02   8.494951E-01
   4.918187E-01   3.249584E+02   3.731933E+02   8.475121E-01
   5.123117E-01   3.193994E+02   3.696131E+02   8.454310E-01
   5.336585E-01   3.136710E+02   3.661554E+02   8.433563E-01
   5.558948E-01   3.077026E+02   3.626762E+02   8.413631E-01
   5.790577E-01   3.016711E+02   3.590771E+02   8.395254E-01
   6.031857E-01   2.955578E+02   3.553998E+02   8.377400E-01
   6.283191E-01   2.894369E+02   3.516424E+02   8.360074E-01
   6.544997E-01   2.832610E+02   3.478390E+02   8.343752E-01
   6.817712E-01   2.771560E+02   3.438515E+02   8.329156E-01
   7.101790E-01   2.709811E+02   3.399312E+02   8.314234E-01
   7.397705E-01   2.646958E+02   3.360014E+02   8.299548E-01
   7.705951E-01   2.584876E+02   3.325565E+02   8.282973E-01
   8.027040E-01   2.520699E+02   3.293946E+02   8.266162E-01
   8.361508E-01   2.454362E+02   3.256643E+02   8.252772E-01
   8.709913E-01   2.388048E+02   3.216730E+02   8.240721E-01
   9.072835E-01   2.325415E+02   3.174502E+02   8.231235E-01
   9.450879E-01   2.268170E+02   3.129908E+02   8.222720E-01
   9.844676E-01   2.212334E+02   3.085106E+02   8.213323E-01
   1.025488E+00   2.157043E+02   3.042502E+02   8.202162E-01
   1.068218E+00   2.102598E+02   3.001528E+02   8.192271E-01
   1.112728E+00   2.050423E+02   2.960412E+02   8.182165E-01
   1.159093E+00   1.999182E+02   2.920762E+02   8.170055E-01
   1.207389E+00   1.948709E+02   2.879538E+02   8.159078E-01
   1.257699E+00   1.896212E+02   2.832973E+02   8.155690E-01
   1.310104E+00   1.845341E+02   2.789838E+02   8.149368E-01
   1.364693E+00   1.798443E+02   2.757927E+02   8.131824E-01
   1.421557E+00   1.753302E+02   2.716755E+02   8.122302E-01
   1.480790E+00   1.708291E+02   2.664017E+02   8.125422E-01
   1.542491E+00   1.667293E+02   2.621198E+02   8.118580E-01
   1.606763E+00   1.627274E+02   2.581928E+02   8.107188E-01
   1.673713E+00   1.585154E+02   2.538530E+02   8.102603E-01
   1.743453E+00   1.544249E+02   2.495796E+02   8.099803E-01
   1.816098E+00   1.506799E+02   2.450603E+02   8.097007E-01
   1.891771E+00   1.470743E+02   2.405226E+02   8.093134E-01
   1.970597E+00   1.434999E+02   2.369115E+02   8.083715E-01
   2.052707E+00   1.398460E+02   2.329456E+02   8.080018E-01
   2.138239E+00   1.362878E+02   2.285764E+02   8.078682E-01
   2.227334E+00   1.328077E+02   2.243494E+02   8.075279E-01
   2.320142E+00   1.296050E+02   2.204065E+02   8.072198E-01
   2.416817E+00   1.266075E+02   2.165888E+02   8.067752E-01
   2.517520E+00   1.236064E+02   2.131673E+02   8.057616E-01
   2.622419E+00   1.206888E+02   2.094785E+02   8.050411E-01
   2.731690E+00   1.183025E+02   2.052005E+02   8.051968E-01
   2.845513E+00   1.156990E+02   2.013919E+02   8.049408E-01
   2.964079E+00   1.130887E+02   1.976232E+02   8.044935E-01
   3.087585E+00   1.107354E+02   1.937044E+02   8.043082E-01
   3.216238E+00   1.085630E+02   1.898997E+02   8.042885E-01
   3.350251E+00   1.057750E+02   1.866284E+02   8.038332E-01
   3.489848E+00   1.035599E+02   1.827249E+02   8.037738E-01
   3.635262E+00   1.013846E+02   1.793418E+02   8.033351E-01
   3.786735E+00   9.929852E+01   1.760846E+02   8.030223E-01
   3.944520E+00   9.692786E+01   1.730788E+02   8.023508E-01
   4.108879E+00   9.496364E+01   1.695623E+02   8.020604E-01
   4.280086E+00   9.280563E+01   1.659670E+02   8.024425E-01
   4.458427E+00   9.043069E+01   1.628292E+02   8.025242E-01
   4.644200E+00   8.851442E+01   1.592730E+02   8.028221E-01
   4.837713E+00   8.664623E+01   1.556697E+02   8.031515E-01
   5.039289E+00   8.445877E+01   1.523039E+02   8.038285E-01
   5.249265E+00   8.251295E+01   1.484144E+02   8.053144E-01
   5.467990E+00   8.072202E+01   1.444112E+02   8.067936E-01
   5.695828E+00   7.863772E+01   1.399650E+02   8.094525E-01
   5.933160E+00   7.774375E+01   1.348898E+02   8.129987E-01
   6.180382E+00   7.742339E+01   1.294710E+02   8.167931E-01
   6.437904E+00   7.584567E+01   1.256710E+02   8.186407E-01
   6.706156E+00   7.391474E+01   1.209989E+02   8.227697E-01
   6.985587E+00   7.234978E+01   1.158179E+02   8.278189E-01
   7.276660E+00   7.084965E+01   1.088049E+02   8.362382E-01
   7.579862E+00   6.912940E+01   1.003860E+02   8.480564E-01
   7.895697E+00   7.422471E+01   8.345282E+01   8.713675E-01
   8.224692E+00   9.773319E+01   6.148373E+01   8.916933E-01
   8.567396E+00   1.228171E+02   5.734846E+01   8.772093E-01
   8.924380E+00   1.492988E+02   6.517316E+01   8.353393E-01
   9.296239E+00   1.711441E+02   7.620552E+01   7.899442E-01
   9.683591E+00   1.789688E+02   8.486852E+01   7.602290E-01
   1.008708E+01   1.756375E+02   9.036796E+01   7.439217E-01
   1.050739E+01   1.671347E+02   9.486170E+01   7.324804E-01
   1.094521E+01   1.534015E+02   9.862499E+01   7.266424E-01
   1.140127E+01   1.357357E+02   1.022403E+02   7.249886E-01
   1.187634E+01   1.114857E+02   1.058511E+02   7.307752E-01
   1.237119E+01   9.646856E+01   1.023053E+02   7.477762E-01
   1.288667E+01   9.053028E+01   9.580900E+01   7.638230E-01
   1.342363E+01   8.887504E+01   8.930947E+01   7.760707E-01
   1.398296E+01   8.826633E+01   8.380794E+01   7.851291E-01
   1.456560E+01   8.766655E+01   7.747988E+01   7.966895E-01
   1.517252E+01   8.792074E+01   7.001206E+01   8.110644E-01
   1.580472E+01   9.531411E+01   6.114851E+01   8.226537E-01
   1.646327E+01   1.079556E+02   5.682279E+01   8.160824E-01
   1.714925E+01   1.203402E+02   5.820985E+01   7.926876E-01
   1.786382E+01   1.301570E+02   6.186188E+01   7.646037E-01
   1.860817E+01   1.346634E+02   6.559915E+01   7.410888E-01
   1.938353E+01   1.349905E+02   6.816507E+01   7.246900E-01
   2.019119E+01   1.330066E+02   7.011390E+01   7.119604E-01
   2.103251E+01   1.301458E+02   7.168215E+01   7.007704E-01
   2.190889E+01   1.236389E+02   7.273828E+01   6.949854E-01
   2.282178E+01   1.174441E+02   7.250595E+01   6.940743E-01
   2.377272E+01   1.125175E+02   7.180332E+01   6.938539E-01
   2.476327E+01   1.088528E+02   7.090173E+01   6.930461E-01
   2.579510E+01   1.061173E+02   6.994587E+01   6.913994E-01
   2.686992E+01   1.038165E+02   6.927873E+01   6.879957E-01
   2.798953E+01   1.016626E+02   6.875748E+01   6.837313E-01
   2.915579E+01   9.920331E+01   6.861140E+01   6.780119E-01
   3.037064E+01   9.576639E+01   6.850711E+01   6.734490E-01
   3.163612E+01   9.221673E+01   6.821761E+01   6.700743E-01
   3.295432E+01   8.873308E+01   6.779418E+01   6.673620E-01
   3.432745E+01   8.541772E+01   6.729856E+01   6.648164E-01
   3.575780E+01   8.229164E+01   6.676550E+01   6.623221E-01
   3.724774E+01   7.901643E+01   6.627679E+01   6.600811E-01
   3.879977E+01   7.596686E+01   6.560798E+01   6.585578E-01
   4.041647E+01   7.324789E+01   6.476610E+01   6.575445E-01
   4.210053E+01   7.102282E+01   6.384133E+01   6.563170E-01
   4.385476E+01   6.885498E+01   6.296241E+01   6.549374E-01
   4.568209E+01   6.667291E+01   6.213571E+01   6.533186E-01
   4.758556E+01   6.431775E+01   6.148764E+01   6.510657E-01
   4.956834E+01   6.210099E+01   6.083489E+01   6.488044E-01
   5.163374E+01   6.018328E+01   5.997578E+01   6.474268E-01
   5.378519E+01   5.835956E+01   5.908437E+01   6.460859E-01
   5.602630E+01   5.653983E+01   5.825194E+01   6.445150E-01
   5.836079E+01   5.472982E+01   5.750775E+01   6.426229E-01
   6.079255E+01   5.297249E+01   5.672804E+01   6.409933E-01
   6.332563E+01   5.138880E+01   5.586476E+01   6.395441E-01
   6.596427E+01   4.978580E+01   5.506128E+01   6.379254E-01
   6.871284E+01   4.828372E+01   5.429843E+01   6.361002E-01
   7.157595E+01   4.699529E+01   5.344037E+01   6.344574E-01
   7.455836E+01   4.575784E+01   5.256415E+01   6.328060E-01
   7.766503E+01   4.421619E+01   5.195389E+01   6.301409E-01
   8.090115E+01   4.269439E+01   5.137591E+01   6.275633E-01
   8.427212E+01   4.140720E+01   5.061974E+01   6.257424E-01
   8.778354E+01   4.007247E+01   4.985011E+01   6.241932E-01
   9.144128E+01   3.878562E+01   4.912410E+01   6.224762E-01
   9.525143E+01   3.759699E+01   4.837196E+01   6.211234E-01
   9.922034E+01   3.646247E+01   4.761281E+01   6.195465E-01
   1.033546E+02   3.533083E+01   4.688590E+01   6.176466E-01
   1.076612E+02   3.420299E+01   4.619015E+01   6.159277E-01
   1.121472E+02   3.318510E+01   4.546920E+01   6.144177E-01
   1.168201E+02   3.218091E+01   4.475165E+01   6.126725E-01
   1.216877E+02   3.115224E+01   4.406315E+01   6.107575E-01
   1.267581E+02   3.016617E+01   4.339341E+01   6.090985E-01
   1.320399E+02   2.927844E+01   4.271006E+01   6.074238E-01
   1.375417E+02   2.836887E+01   4.203032E+01   6.056188E-01
   1.432727E+02   2.744406E+01   4.137464E+01   6.036619E-01
   1.492426E+02   2.660819E+01   4.072111E+01   6.020917E-01
   1.554611E+02   2.580426E+01   4.007719E+01   6.003800E-01
   1.619389E+02   2.498572E+01   3.944521E+01   5.982897E-01
   1.686865E+02   2.414291E+01   3.883888E+01   5.961514E-01
   1.757153E+02   2.335397E+01   3.823938E+01   5.946594E-01
   1.830369E+02   2.268099E+01   3.758869E+01   5.931665E-01
   1.906636E+02   2.196036E+01   3.699208E+01   5.908143E-01
   1.986081E+02   2.117255E+01   3.643787E+01   5.886093E-01
   2.068837E+02   2.049331E+01   3.585228E+01   5.872437E-01
   2.155041E+02   1.983102E+01   3.528262E+01   5.854037E-01
   2.244836E+02   1.917362E+01   3.470565E+01   5.831613E-01
   2.338373E+02   1.851564E+01   3.414519E+01   5.812598E-01
   2.435808E+02   1.794697E+01   3.355970E+01   5.801227E-01
   2.537302E+02   1.736100E+01   3.302348E+01   5.781037E-01
   2.643026E+02   1.675758E+01   3.248352E+01   5.757081E-01
   2.753155E+02   1.618388E+01   3.194450E+01   5.740445E-01
   2.867872E+02   1.568186E+01   3.138543E+01   5.729405E-01
   2.987370E+02   1.517810E+01   3.085668E+01   5.709821E-01
   3.111847E+02   1.466301E+01   3.032697E+01   5.685266E-01
   3.241510E+02   1.417422E+01   2.980914E+01   5.671067E-01
   3.376577E+02   1.369691E+01   2.930925E+01   5.657263E-01
   3.517271E+02   1.322831E+01   2.882507E+01   5.633699E-01
   3.663827E+02   1.271377E+01   2.836414E+01   5.605284E-01
   3.816491E+02   1.221163E+01   2.790868E+01   5.593678E-01
   3.975515E+02   1.187582E+01   2.734714E+01   5.588664E-01
   4.141166E+02   1.152774E+01   2.683916E+01   5.565003E-01
   4.313719E+02   1.112415E+01   2.636040E+01   5.540707E-01
   4.493461E+02   1.075566E+01   2.587431E+01   5.533522E-01
   4.680693E+02   1.041267E+01   2.540058E+01   5.521189E-01
   4.875727E+02   1.003369E+01   2.497738E+01   5.489591E-01
   5.078888E+02   9.626598E+00   2.456658E+01   5.463486E-01
   5.290513E+02   9.275885E+00   2.410964E+01   5.458797E-01
   5.510957E+02   8.970807E+00   2.366276E+01   5.446698E-01
   5.740585E+02   8.635341E+00   2.325140E+01   5.411899E-01
   5.979782E+02   8.303117E+00   2.283997E+01   5.392860E-01
   6.228946E+02   8.016471E+00   2.237859E+01   5.391486E-01
   6.488492E+02   7.772667E+00   2.194137E+01   5.377681E-01
   6.758853E+02   7.478474E+00   2.154404E+01   5.340191E-01
   7.040478E+02   7.191480E+00   2.115876E+01   5.325238E-01
   7.333839E+02   6.942857E+00   2.071392E+01   5.324620E-01
   7.639423E+02   6.721328E+00   2.031806E+01   5.304385E-01
   7.957740E+02   6.437519E+00   1.995616E+01   5.263043E-01
   8.289321E+02   6.169347E+00   1.960530E+01   5.252349E-01
   8.634718E+02   5.941968E+00   1.918699E+01   5.252213E-01
   8.994507E+02   5.732738E+00   1.882929E+01   5.223372E-01
   9.369287E+02   5.468031E+00   1.849879E+01   5.181133E-01
   9.759684E+02   5.235638E+00   1.814797E+01   5.177614E-01
   1.016635E+03   5.047975E+00   1.773835E+01   5.177947E-01
   1.058996E+03   4.858857E+00   1.740715E+01   5.139010E-01
   1.103121E+03   4.627293E+00   1.709899E+01   5.098880E-01
   1.149086E+03   4.427565E+00   1.674118E+01   5.099803E-01
   1.196966E+03   4.275829E+00   1.635322E+01   5.099245E-01
   1.246841E+03   4.095549E+00   1.604445E+01   5.048163E-01
   1.298794E+03   3.897750E+00   1.575801E+01   5.013887E-01
   1.352911E+03   3.726221E+00   1.539476E+01   5.019311E-01
   1.409284E+03   3.606483E+00   1.503808E+01   5.015334E-01
   1.468006E+03   3.433440E+00   1.474233E+01   4.954098E-01
   1.529174E+03   3.266758E+00   1.448371E+01   4.929776E-01
   1.592891E+03   3.123055E+00   1.411315E+01   4.938712E-01
   1.659263E+03   3.027714E+00   1.379507E+01   4.926001E-01
   1.728401E+03   2.862733E+00   1.351734E+01   4.859600E-01
   1.800420E+03   2.722889E+00   1.327188E+01   4.845802E-01
   1.875439E+03   2.604647E+00   1.290631E+01   4.859172E-01
   1.953584E+03   2.524077E+00   1.262840E+01   4.831442E-01
   2.034985E+03   2.374239E+00   1.237031E+01   4.764400E-01
   2.119779E+03   2.254048E+00   1.212949E+01   4.759562E-01
   2.208105E+03   2.161726E+00   1.176940E+01   4.773347E-01
   2.300112E+03   2.087502E+00   1.151985E+01   4.725252E-01
   2.395952E+03   1.960603E+00   1.128537E+01   4.662304E-01
   2.495786E+03   1.855409E+00   1.102691E+01   4.660163E-01
   2.599779E+03   1.788627E+00   1.068519E+01   4.672580E-01
   2.708106E+03   1.712586E+00   1.045014E+01   4.601657E-01
   2.820947E+03   1.608414E+00   1.023881E+01   4.544351E-01
   2.938489E+03   1.519872E+00   9.952995E+00   4.546664E-01
   3.060929E+03   1.474946E+00   9.642035E+00   4.549923E-01
   3.188471E+03   1.392445E+00   9.407920E+00   4.456597E-01
   3.321327E+03   1.311819E+00   9.214407E+00   4.409529E-01
   3.459719E+03   1.238877E+00   8.904622E+00   4.414698E-01
   3.603878E+03   1.213494E+00   8.629320E+00   4.398556E-01
   3.754043E+03   1.122868E+00   8.392774E+00   4.289714E-01
   3.910466E+03   1.061856E+00   8.215840E+00   4.252480E-01
   4.073406E+03   1.003711E+00   7.892620E+00   4.261508E-01
   4.243135E+03   9.918273E-01   7.650770E+00   4.219060E-01
   4.419937E+03   9.018748E-01   7.418137E+00   4.109990E-01
   4.604105E+03   8.550874E-01   7.249561E+00   4.083457E-01
   4.795948E+03   8.115124E-01   6.922693E+00   4.085707E-01
   4.995784E+03   7.992859E-01   6.708226E+00   4.010962E-01
   5.203947E+03   7.298495E-01   6.495629E+00   3.905465E-01
   5.420783E+03   6.836422E-01   6.309777E+00   3.885412E-01
   5.646655E+03   6.570570E-01   6.003001E+00   3.895317E-01
   5.881938E+03   6.393529E-01   5.811137E+00   3.777194E-01
   6.127025E+03   5.882993E-01   5.628022E+00   3.681845E-01
   6.382324E+03   5.420825E-01   5.422715E+00   3.679602E-01
   6.648260E+03   5.351596E-01   5.155225E+00   3.699637E-01
   6.925278E+03   4.984952E-01   4.969898E+00   3.535478E-01
   7.213839E+03   4.543248E-01   4.812115E+00   3.442228E-01
   7.514423E+03   4.285933E-01   4.584290E+00   3.436741E-01
   7.827531E+03   4.261153E-01   4.348371E+00   3.437274E-01
   8.153687E+03   3.678818E-01   4.146877E+00   3.273782E-01
   8.493432E+03   3.505407E-01   4.038382E+00   3.213751E-01
   8.847334E+03   3.248544E-01   3.790044E+00   3.198221E-01
   9.215982E+03   3.095656E-01   3.549655E+00   3.187644E-01
   9.599990E+03   2.795930E-01   3.381083E+00   3.053725E-01
   1.000000E+04   2.699658E-01   3.272437E+00   2.983842E-01
