675.6756756756756	-2.2245201977872363e-05
673.9906989283547	-2.85353951008143e-05
672.3099241180595	6.232626052868383e-05
670.6333407661442	9.147829174228314e-06
668.960938420094	0.00016863139825418015
667.2927066534603	0.0006604781822169816
665.6286350657958	0.003598442160881895
663.9687132825893	0.009509550568362847
662.3129309552013	0.015246616323366057
660.6612777607994	0.019728848510975002
659.0137434022936	0.024243155954719074
657.3703176082729	0.020123644123539775
655.7309901329405	0.005019424395598666
654.0957507560505	0.0007876859961413038
652.4645892828433	0.0005417573532694307
650.8374955439834	0.0004157523863706476
649.2144593954946	0.0003383960414304212
647.5954707186979	0.00030084212609976686
645.9805194201475	0.00017372259212727293
644.3695954315687	0.00026997845420202005
642.7626887097941	0.0003503576842296806
641.1597892367023	0.0004507783912682776
639.5608870191545	0.0005409300262666819
637.9659720889322	0.000272730098057429
636.3750345026755	0.00020947804957583232
634.7880643418209	0.00023544621154934471
633.2050517125396	0.0003653816440160643
631.6259867456753	0.00015826041076762133
630.0508595966836	0.0002652727546349536
628.4796604455696	0.00017222137749502736
626.9123794968276	0.00016881248920795164
625.349006979379	0.00018806824916143858
623.7895331465129	0.00011014788521298295
622.2339482758233	8.556973056539607e-05
620.6822426691504	-9.94148192288828e-07
619.1344066525191	4.48054569088817e-05
617.590430576079	-0.0002586195029936175
616.0503048140439	0.00011324335194822763
614.5140197646323	0.00011054410759501966
612.9815658500073	4.2272975378629126e-05
689.6551724137931	nan
687.9353340785965	nan
686.219784617054	0.00014281204848294487
684.5085133337196	0.00010764009119856372
682.8015095598201	2.2776534705920397e-05
681.0987626531871	0.00013682930461503436
679.4002619981918	3.2145063025022895e-05
677.7059970056775	-7.070315475159117e-05
676.0159571128953	-2.7677984834405002e-05
674.3301317834367	-2.9216395840470292e-05
672.6485105071688	2.6430352514085318e-05
670.9710828001683	2.732990604619246e-05
669.2978382046567	9.381077018402529e-05
667.6287662889343	0.0005936319572788973
665.9638566473161	0.002842166084341579
664.303098900066	0.008598980523897844
662.6464826933326	0.01459539593451852
660.9939976990848	0.018537314981692088
659.3456336150473	0.022803792198673865
657.7013801646357	0.024059946523132588
656.0612270968935	0.0074454247724889495
654.4251641864274	0.0008485389205395784
652.7931812333441	0.0005769012536241267
651.165268063186	0.00043673817024858356
649.541414526869	0.0003830113889134732
647.9216105006174	0.0002767690943201415
646.3058458859026	0.00020878601644356618
644.6941106093791	0.0001903646018647138
643.0863946228221	0.0003396117322198385
641.4826879030645	0.0004595073602693262
639.8829804519346	0.0005510785711485256
638.2872622961941	0.00032271895857591634
636.6955234874755	0.00021815335419790891
635.1077541022198	0.0002186168971359917
633.5239442416158	0.00030814982605177393
631.9440840315369	0.00023310271024628464
630.3681636224809	0.0002666737867810023
628.7961731895072	0.0001882608017820982
627.2281029321766	0.0002011939717530032
625.6639430744904	0.00017000292129618899
624.1036838648284	0.00011014788521298295
622.5473155758887	0.00010717633593067652
620.9948285046271	-2.3011701929511667e-06
619.4462129721967	3.907524256722961e-05
617.9014593238868	-0.00018349922137108861
616.3605579290642	5.844778269576154e-05
614.8234991811114	0.00020642016969143174
613.290273497368	8.817908898103158e-06
689.6551724137931	nan
687.9353340785965	nan
686.219784617054	0.00014281204848294487
684.5085133337196	0.00010764009119856372
682.8015095598201	2.2776534705920397e-05
681.0987626531871	0.00013682930461503436
679.4002619981918	3.2145063025022895e-05
677.7059970056775	-7.070315475159117e-05
676.0159571128953	-2.7677984834405002e-05
674.3301317834367	-2.9216395840470292e-05
672.6485105071688	2.6430352514085318e-05
670.9710828001683	2.732990604619246e-05
669.2978382046567	9.381077018402529e-05
667.6287662889343	0.0005936319572788973
665.9638566473161	0.002842166084341579
664.303098900066	0.008598980523897844
662.6464826933326	0.01459539593451852
660.9939976990848	0.018537314981692088
659.3456336150473	0.022803792198673865
657.7013801646357	0.024059946523132588
656.0612270968935	0.0074454247724889495
654.4251641864274	0.0008485389205395784
652.7931812333441	0.0005769012536241267
651.165268063186	0.00043673817024858356
649.541414526869	0.0003830113889134732
647.9216105006174	0.0002767690943201415
646.3058458859026	0.00020878601644356618
644.6941106093791	0.0001903646018647138
643.0863946228221	0.0003396117322198385
641.4826879030645	0.0004595073602693262
639.8829804519346	0.0005510785711485256
638.2872622961941	0.00032271895857591634
636.6955234874755	0.00021815335419790891
635.1077541022198	0.0002186168971359917
633.5239442416158	0.00030814982605177393
631.9440840315369	0.00023310271024628464
630.3681636224809	0.0002666737867810023
628.7961731895072	0.0001882608017820982
627.2281029321766	0.0002011939717530032
625.6639430744904	0.00017000292129618899
624.1036838648284	0.00011014788521298295
622.5473155758887	0.00010717633593067652
620.9948285046271	-2.3011701929511667e-06
619.4462129721967	3.907524256722961e-05
617.9014593238868	-0.00018349922137108861
616.3605579290642	5.844778269576154e-05
614.8234991811114	0.00020642016969143174
613.290273497368	8.817908898103158e-06
689.6551724137931	nan
687.9353340785965	nan
686.219784617054	0.00014281204848294487
684.5085133337196	0.00010764009119856372
682.8015095598201	2.2776534705920397e-05
681.0987626531871	0.00013682930461503436
679.4002619981918	3.2145063025022895e-05
677.7059970056775	-7.070315475159117e-05
676.0159571128953	-2.7677984834405002e-05
674.3301317834367	-2.9216395840470292e-05
672.6485105071688	2.6430352514085318e-05
670.9710828001683	2.732990604619246e-05
669.2978382046567	9.381077018402529e-05
667.6287662889343	0.0005936319572788973
665.9638566473161	0.002842166084341579
664.303098900066	0.008598980523897844
662.6464826933326	0.01459539593451852
660.9939976990848	0.018537314981692088
659.3456336150473	0.022803792198673865
657.7013801646357	0.024059946523132588
656.0612270968935	0.0074454247724889495
654.4251641864274	0.0008485389205395784
652.7931812333441	0.0005769012536241267
651.165268063186	0.00043673817024858356
649.541414526869	0.0003830113889134732
647.9216105006174	0.0002767690943201415
646.3058458859026	0.00020878601644356618
644.6941106093791	0.0001903646018647138
643.0863946228221	0.0003396117322198385
641.4826879030645	0.0004595073602693262
639.8829804519346	0.0005510785711485256
638.2872622961941	0.00032271895857591634
636.6955234874755	0.00021815335419790891
635.1077541022198	0.0002186168971359917
633.5239442416158	0.00030814982605177393
631.9440840315369	0.00023310271024628464
630.3681636224809	0.0002666737867810023
628.7961731895072	0.0001882608017820982
627.2281029321766	0.0002011939717530032
625.6639430744904	0.00017000292129618899
624.1036838648284	0.00011014788521298295
622.5473155758887	0.00010717633593067652
620.9948285046271	-2.3011701929511667e-06
619.4462129721967	3.907524256722961e-05
617.9014593238868	-0.00018349922137108861
616.3605579290642	5.844778269576154e-05
614.8234991811114	0.00020642016969143174
613.290273497368	8.817908898103158e-06
689.6551724137931	nan
687.9353340785965	nan
686.219784617054	0.00014281204848294487
684.5085133337196	0.00010764009119856372
682.8015095598201	2.2776534705920397e-05
681.0987626531871	0.00013682930461503436
679.4002619981918	3.2145063025022895e-05
677.7059970056775	-7.070315475159117e-05
676.0159571128953	-2.7677984834405002e-05
674.3301317834367	-2.9216395840470292e-05
672.6485105071688	2.6430352514085318e-05
670.9710828001683	2.732990604619246e-05
669.2978382046567	9.381077018402529e-05
667.6287662889343	0.0005936319572788973
665.9638566473161	0.002842166084341579
664.303098900066	0.008598980523897844
662.6464826933326	0.01459539593451852
660.9939976990848	0.018537314981692088
659.3456336150473	0.022803792198673865
657.7013801646357	0.024059946523132588
656.0612270968935	0.0074454247724889495
654.4251641864274	0.0008485389205395784
652.7931812333441	0.0005769012536241267
651.165268063186	0.00043673817024858356
649.541414526869	0.0003830113889134732
647.9216105006174	0.0002767690943201415
646.3058458859026	0.00020878601644356618
644.6941106093791	0.0001903646018647138
643.0863946228221	0.0003396117322198385
641.4826879030645	0.0004595073602693262
639.8829804519346	0.0005510785711485256
638.2872622961941	0.00032271895857591634
636.6955234874755	0.00021815335419790891
635.1077541022198	0.0002186168971359917
633.5239442416158	0.00030814982605177393
631.9440840315369	0.00023310271024628464
630.3681636224809	0.0002666737867810023
628.7961731895072	0.0001882608017820982
627.2281029321766	0.0002011939717530032
625.6639430744904	0.00017000292129618899
624.1036838648284	0.00011014788521298295
622.5473155758887	0.00010717633593067652
620.9948285046271	-2.3011701929511667e-06
619.4462129721967	3.907524256722961e-05
617.9014593238868	-0.00018349922137108861
616.3605579290642	5.844778269576154e-05
614.8234991811114	0.00020642016969143174
613.290273497368	8.817908898103158e-06
689.6551724137931	nan
687.9353340785965	nan
686.219784617054	0.00018371095252750643
684.5085133337196	0.00010764009119477945
682.8015095598201	2.27765347026393e-05
681.0987626531871	0.00013682930461221594
679.4002619981918	3.2145063022631376e-05
677.7059970056775	-7.070315475359423e-05
676.0159571128953	-2.7677984836053812e-05
674.3301317834367	-2.9216395841801428e-05
672.6485105071688	2.6430352513039578e-05
670.9710828001683	2.7329906045397646e-05
669.2978382046567	9.381077018345107e-05
667.6287662889343	0.0005936319572785115
665.9638566473161	0.0028421660843413535
664.303098900066	0.008598980523897749
662.6464826933326	0.014595395934518529
660.9939976990848	0.018537314981692168
659.3456336150473	0.022803792198673997
657.7013801646357	0.024059946523132758
656.0612270968935	0.007445424772489129
654.4251641864274	0.0008485389205397488
652.7931812333441	0.000576901253624274
651.165268063186	0.00043673817024868737
649.541414526869	0.00038301138891351787
647.9216105006174	0.000276769094320112
646.3058458859026	0.00020878601644345042
644.6941106093791	0.00019036460186451498
643.0863946228221	0.000339611732219534
641.4826879030645	0.0004595073602689089
639.8829804519346	0.0005510785711480068
638.2872622961941	0.00032271895857529325
636.6955234874755	0.00021815335419716236
635.1077541022198	0.00021861689713512165
633.5239442416158	0.0003081498260507998
631.9440840315369	0.0002331027102451931
630.3681636224809	0.0002666737867797995
628.7961731895072	0.00018826080178080718
627.2281029321766	0.00020119397175163194
625.6639430744904	0.00017000292129473694
624.1036838648284	0.0001101478852114651
622.5473155758887	0.00010717633592911714
620.9948285046271	-2.3011701945367734e-06
619.4462129721967	3.9075242565634877e-05
617.9014593238868	-0.00018349922137266927
616.3605579290642	5.8447782694222366e-05
614.8234991811114	0.00020642016968995392
613.290273497368	8.817908896712106e-06
689.6551724137931	nan
687.9353340785965	nan
686.219784617054	0.00014281204848294487
684.5085133337196	0.00010764009119856372
682.8015095598201	2.2776534705920397e-05
681.0987626531871	0.00013682930461503436
679.4002619981918	3.2145063025022895e-05
677.7059970056775	-7.070315475159117e-05
676.0159571128953	-2.7677984834405002e-05
674.3301317834367	-2.9216395840470292e-05
672.6485105071688	2.6430352514085318e-05
670.9710828001683	2.732990604619246e-05
669.2978382046567	9.381077018402529e-05
667.6287662889343	0.0005936319572788973
665.9638566473161	0.002842166084341579
664.303098900066	0.008598980523897844
662.6464826933326	0.01459539593451852
660.9939976990848	0.018537314981692088
659.3456336150473	0.022803792198673865
657.7013801646357	0.024059946523132588
656.0612270968935	0.0074454247724889495
654.4251641864274	0.0008485389205395784
652.7931812333441	0.0005769012536241267
651.165268063186	0.00043673817024858356
649.541414526869	0.0003830113889134732
647.9216105006174	0.0002767690943201415
646.3058458859026	0.00020878601644356618
644.6941106093791	0.0001903646018647138
643.0863946228221	0.0003396117322198385
641.4826879030645	0.0004595073602693262
639.8829804519346	0.0005510785711485256
638.2872622961941	0.00032271895857591634
636.6955234874755	0.00021815335419790891
635.1077541022198	0.0002186168971359917
633.5239442416158	0.00030814982605177393
631.9440840315369	0.00023310271024628464
630.3681636224809	0.0002666737867810023
628.7961731895072	0.0001882608017820982
627.2281029321766	0.0002011939717530032
625.6639430744904	0.00017000292129618899
624.1036838648284	0.00011014788521298295
622.5473155758887	0.00010717633593067652
620.9948285046271	-2.3011701929511667e-06
619.4462129721967	3.907524256722961e-05
617.9014593238868	-0.00018349922137108861
616.3605579290642	5.844778269576154e-05
614.8234991811114	0.00020642016969143174
613.290273497368	8.817908898103158e-06
689.6551724137931	nan
687.9353340785965	nan
686.219784617054	0.00014281204848294487
684.5085133337196	0.00010764009119856372
682.8015095598201	2.2776534705920397e-05
681.0987626531871	0.00013682930461503436
679.4002619981918	3.2145063025022895e-05
677.7059970056775	-7.070315475159117e-05
676.0159571128953	-2.7677984834405002e-05
674.3301317834367	-2.9216395840470292e-05
672.6485105071688	2.6430352514085318e-05
670.9710828001683	2.732990604619246e-05
669.2978382046567	9.381077018402529e-05
667.6287662889343	0.0005936319572788973
665.9638566473161	0.002842166084341579
664.303098900066	0.008598980523897844
662.6464826933326	0.01459539593451852
660.9939976990848	0.018537314981692088
659.3456336150473	0.022803792198673865
657.7013801646357	0.024059946523132588
656.0612270968935	0.0074454247724889495
654.4251641864274	0.0008485389205395784
652.7931812333441	0.0005769012536241267
651.165268063186	0.00043673817024858356
649.541414526869	0.0003830113889134732
647.9216105006174	0.0002767690943201415
646.3058458859026	0.00020878601644356618
644.6941106093791	0.0001903646018647138
643.0863946228221	0.0003396117322198385
641.4826879030645	0.0004595073602693262
639.8829804519346	0.0005510785711485256
638.2872622961941	0.00032271895857591634
636.6955234874755	0.00021815335419790891
635.1077541022198	0.0002186168971359917
633.5239442416158	0.00030814982605177393
631.9440840315369	0.00023310271024628464
630.3681636224809	0.0002666737867810023
628.7961731895072	0.0001882608017820982
627.2281029321766	0.0002011939717530032
625.6639430744904	0.00017000292129618899
624.1036838648284	0.00011014788521298295
622.5473155758887	0.00010717633593067652
620.9948285046271	-2.3011701929511667e-06
619.4462129721967	3.907524256722961e-05
617.9014593238868	-0.00018349922137108861
616.3605579290642	5.844778269576154e-05
614.8234991811114	0.00020642016969143174
613.290273497368	8.817908898103158e-06
689.6551724137931	nan
687.9353340785965	nan
686.219784617054	0.00014281204848294487
684.5085133337196	0.00010764009119856372
682.8015095598201	2.2776534705920397e-05
681.0987626531871	0.00013682930461503436
679.4002619981918	3.2145063025022895e-05
677.7059970056775	-7.070315475159117e-05
676.0159571128953	-2.7677984834405002e-05
674.3301317834367	-2.9216395840470292e-05
672.6485105071688	2.6430352514085318e-05
670.9710828001683	2.732990604619246e-05
669.2978382046567	9.381077018402529e-05
667.6287662889343	0.0005936319572788973
665.9638566473161	0.002842166084341579
664.303098900066	0.008598980523897844
662.6464826933326	0.01459539593451852
660.9939976990848	0.018537314981692088
659.3456336150473	0.022803792198673865
657.7013801646357	0.024059946523132588
656.0612270968935	0.0074454247724889495
654.4251641864274	0.0008485389205395784
652.7931812333441	0.0005769012536241267
651.165268063186	0.00043673817024858356
649.541414526869	0.0003830113889134732
647.9216105006174	0.0002767690943201415
646.3058458859026	0.00020878601644356618
644.6941106093791	0.0001903646018647138
643.0863946228221	0.0003396117322198385
641.4826879030645	0.0004595073602693262
639.8829804519346	0.0005510785711485256
638.2872622961941	0.00032271895857591634
636.6955234874755	0.00021815335419790891
635.1077541022198	0.0002186168971359917
633.5239442416158	0.00030814982605177393
631.9440840315369	0.00023310271024628464
630.3681636224809	0.0002666737867810023
628.7961731895072	0.0001882608017820982
627.2281029321766	0.0002011939717530032
625.6639430744904	0.00017000292129618899
624.1036838648284	0.00011014788521298295
622.5473155758887	0.00010717633593067652
620.9948285046271	-2.3011701929511667e-06
619.4462129721967	3.907524256722961e-05
617.9014593238868	-0.00018349922137108861
616.3605579290642	5.844778269576154e-05
614.8234991811114	0.00020642016969143174
613.290273497368	8.817908898103158e-06
689.6551724137931	nan
687.9353340785965	nan
686.219784617054	0.00014281204848294487
684.5085133337196	0.00010764009119856372
682.8015095598201	2.2776534705920397e-05
681.0987626531871	0.00013682930461503436
679.4002619981918	3.2145063025022895e-05
677.7059970056775	-7.070315475159117e-05
676.0159571128953	-2.7677984834405002e-05
674.3301317834367	-2.9216395840470292e-05
672.6485105071688	2.6430352514085318e-05
670.9710828001683	2.732990604619246e-05
669.2978382046567	9.381077018402529e-05
667.6287662889343	0.0005936319572788973
665.9638566473161	0.002842166084341579
664.303098900066	0.008598980523897844
662.6464826933326	0.01459539593451852
660.9939976990848	0.018537314981692088
659.3456336150473	0.022803792198673865
657.7013801646357	0.024059946523132588
656.0612270968935	0.0074454247724889495
654.4251641864274	0.0008485389205395784
652.7931812333441	0.0005769012536241267
651.165268063186	0.00043673817024858356
649.541414526869	0.0003830113889134732
647.9216105006174	0.0002767690943201415
646.3058458859026	0.00020878601644356618
644.6941106093791	0.0001903646018647138
643.0863946228221	0.0003396117322198385
641.4826879030645	0.0004595073602693262
639.8829804519346	0.0005510785711485256
638.2872622961941	0.00032271895857591634
636.6955234874755	0.00021815335419790891
635.1077541022198	0.0002186168971359917
633.5239442416158	0.00030814982605177393
631.9440840315369	0.00023310271024628464
630.3681636224809	0.0002666737867810023
628.7961731895072	0.0001882608017820982
627.2281029321766	0.0002011939717530032
625.6639430744904	0.00017000292129618899
624.1036838648284	0.00011014788521298295
622.5473155758887	0.00010717633593067652
620.9948285046271	-2.3011701929511667e-06
619.4462129721967	3.907524256722961e-05
617.9014593238868	-0.00018349922137108861
616.3605579290642	5.844778269576154e-05
614.8234991811114	0.00020642016969143174
613.290273497368	8.817908898103158e-06
689.6551724137931	nan
687.9353340785965	nan
686.219784617054	0.00014281204848294487
684.5085133337196	0.00010764009119856372
682.8015095598201	2.2776534705920397e-05
681.0987626531871	0.00013682930461503436
679.4002619981918	3.2145063025022895e-05
677.7059970056775	-7.070315475159117e-05
676.0159571128953	-2.7677984834405002e-05
674.3301317834367	-2.9216395840470292e-05
672.6485105071688	2.6430352514085318e-05
670.9710828001683	2.732990604619246e-05
669.2978382046567	9.381077018402529e-05
667.6287662889343	0.0005936319572788973
665.9638566473161	0.002842166084341579
664.303098900066	0.008598980523897844
662.6464826933326	0.01459539593451852
660.9939976990848	0.018537314981692088
659.3456336150473	0.022803792198673865
657.7013801646357	0.024059946523132588
656.0612270968935	0.0074454247724889495
654.4251641864274	0.0008485389205395784
652.7931812333441	0.0005769012536241267
651.165268063186	0.00043673817024858356
649.541414526869	0.0003830113889134732
647.9216105006174	0.0002767690943201415
646.3058458859026	0.00020878601644356618
644.6941106093791	0.0001903646018647138
643.0863946228221	0.0003396117322198385
641.4826879030645	0.0004595073602693262
639.8829804519346	0.0005510785711485256
638.2872622961941	0.00032271895857591634
636.6955234874755	0.00021815335419790891
635.1077541022198	0.0002186168971359917
633.5239442416158	0.00030814982605177393
631.9440840315369	0.00023310271024628464
630.3681636224809	0.0002666737867810023
628.7961731895072	0.0001882608017820982
627.2281029321766	0.0002011939717530032
625.6639430744904	0.00017000292129618899
624.1036838648284	0.00011014788521298295
622.5473155758887	0.00010717633593067652
620.9948285046271	-2.3011701929511667e-06
619.4462129721967	3.907524256722961e-05
617.9014593238868	-0.00018349922137108861
616.3605579290642	5.844778269576154e-05
614.8234991811114	0.00020642016969143174
613.290273497368	8.817908898103158e-06
689.6551724137931	nan
687.9353340785965	nan
686.219784617054	0.00014281204848294487
684.5085133337196	0.00010764009119856372
682.8015095598201	2.2776534705920397e-05
681.0987626531871	0.00013682930461503436
679.4002619981918	3.2145063025022895e-05
677.7059970056775	-7.070315475159117e-05
676.0159571128953	-2.7677984834405002e-05
674.3301317834367	-2.9216395840470292e-05
672.6485105071688	2.6430352514085318e-05
670.9710828001683	2.732990604619246e-05
669.2978382046567	9.381077018402529e-05
667.6287662889343	0.0005936319572788973
665.9638566473161	0.002842166084341579
664.303098900066	0.008598980523897844
662.6464826933326	0.01459539593451852
660.9939976990848	0.018537314981692088
659.3456336150473	0.022803792198673865
657.7013801646357	0.024059946523132588
656.0612270968935	0.0074454247724889495
654.4251641864274	0.0008485389205395784
652.7931812333441	0.0005769012536241267
651.165268063186	0.00043673817024858356
649.541414526869	0.0003830113889134732
647.9216105006174	0.0002767690943201415
646.3058458859026	0.00020878601644356618
644.6941106093791	0.0001903646018647138
643.0863946228221	0.0003396117322198385
641.4826879030645	0.0004595073602693262
639.8829804519346	0.0005510785711485256
638.2872622961941	0.00032271895857591634
636.6955234874755	0.00021815335419790891
635.1077541022198	0.0002186168971359917
633.5239442416158	0.00030814982605177393
631.9440840315369	0.00023310271024628464
630.3681636224809	0.0002666737867810023
628.7961731895072	0.0001882608017820982
627.2281029321766	0.0002011939717530032
625.6639430744904	0.00017000292129618899
624.1036838648284	0.00011014788521298295
622.5473155758887	0.00010717633593067652
620.9948285046271	-2.3011701929511667e-06
619.4462129721967	3.907524256722961e-05
617.9014593238868	-0.00018349922137108861
616.3605579290642	5.844778269576154e-05
614.8234991811114	0.00020642016969143174
613.290273497368	8.817908898103158e-06
689.6551724137931	nan
687.9353340785965	nan
686.219784617054	0.00014281204848294487
684.5085133337196	0.00010764009119856372
682.8015095598201	2.2776534705920397e-05
681.0987626531871	0.00013682930461503436
679.4002619981918	3.2145063025022895e-05
677.7059970056775	-7.070315475159117e-05
676.0159571128953	-2.7677984834405002e-05
674.3301317834367	-2.9216395840470292e-05
672.6485105071688	2.6430352514085318e-05
670.9710828001683	2.732990604619246e-05
669.2978382046567	9.381077018402529e-05
667.6287662889343	0.0005936319572788973
665.9638566473161	0.002842166084341579
664.303098900066	0.008598980523897844
662.6464826933326	0.01459539593451852
660.9939976990848	0.018537314981692088
659.3456336150473	0.022803792198673865
657.7013801646357	0.024059946523132588
656.0612270968935	0.0074454247724889495
654.4251641864274	0.0008485389205395784
652.7931812333441	0.0005769012536241267
651.165268063186	0.00043673817024858356
649.541414526869	0.0003830113889134732
647.9216105006174	0.0002767690943201415
646.3058458859026	0.00020878601644356618
644.6941106093791	0.0001903646018647138
643.0863946228221	0.0003396117322198385
641.4826879030645	0.0004595073602693262
639.8829804519346	0.0005510785711485256
638.2872622961941	0.00032271895857591634
636.6955234874755	0.00021815335419790891
635.1077541022198	0.0002186168971359917
633.5239442416158	0.00030814982605177393
631.9440840315369	0.00023310271024628464
630.3681636224809	0.0002666737867810023
628.7961731895072	0.0001882608017820982
627.2281029321766	0.0002011939717530032
625.6639430744904	0.00017000292129618899
624.1036838648284	0.00011014788521298295
622.5473155758887	0.00010717633593067652
620.9948285046271	-2.3011701929511667e-06
619.4462129721967	3.907524256722961e-05
617.9014593238868	-0.00018349922137108861
616.3605579290642	5.844778269576154e-05
614.8234991811114	0.00020642016969143174
613.290273497368	8.817908898103158e-06
689.6551724137931	nan
687.9353340785965	nan
686.219784617054	0.00014281204848294487
684.5085133337196	0.00010764009119856372
682.8015095598201	2.2776534705920397e-05
681.0987626531871	0.00013682930461503436
679.4002619981918	3.2145063025022895e-05
677.7059970056775	-7.070315475159117e-05
676.0159571128953	-2.7677984834405002e-05
674.3301317834367	-2.9216395840470292e-05
672.6485105071688	2.6430352514085318e-05
670.9710828001683	2.732990604619246e-05
669.2978382046567	9.381077018402529e-05
667.6287662889343	0.0005936319572788973
665.9638566473161	0.002842166084341579
664.303098900066	0.008598980523897844
662.6464826933326	0.01459539593451852
660.9939976990848	0.018537314981692088
659.3456336150473	0.022803792198673865
657.7013801646357	0.024059946523132588
656.0612270968935	0.0074454247724889495
654.4251641864274	0.0008485389205395784
652.7931812333441	0.0005769012536241267
651.165268063186	0.00043673817024858356
649.541414526869	0.0003830113889134732
647.9216105006174	0.0002767690943201415
646.3058458859026	0.00020878601644356618
644.6941106093791	0.0001903646018647138
643.0863946228221	0.0003396117322198385
641.4826879030645	0.0004595073602693262
639.8829804519346	0.0005510785711485256
638.2872622961941	0.00032271895857591634
636.6955234874755	0.00021815335419790891
635.1077541022198	0.0002186168971359917
633.5239442416158	0.00030814982605177393
631.9440840315369	0.00023310271024628464
630.3681636224809	0.0002666737867810023
628.7961731895072	0.0001882608017820982
627.2281029321766	0.0002011939717530032
625.6639430744904	0.00017000292129618899
624.1036838648284	0.00011014788521298295
622.5473155758887	0.00010717633593067652
620.9948285046271	-2.3011701929511667e-06
619.4462129721967	3.907524256722961e-05
617.9014593238868	-0.00018349922137108861
616.3605579290642	5.844778269576154e-05
614.8234991811114	0.00020642016969143174
613.290273497368	8.817908898103158e-06
689.6551724137931	nan
687.9353340785965	nan
686.219784617054	0.00014281204848294487
684.5085133337196	0.00010764009119856372
682.8015095598201	2.2776534705920397e-05
681.0987626531871	0.00013682930461503436
679.4002619981918	3.2145063025022895e-05
677.7059970056775	-7.070315475159117e-05
676.0159571128953	-2.7677984834405002e-05
674.3301317834367	-2.9216395840470292e-05
672.6485105071688	2.6430352514085318e-05
670.9710828001683	2.732990604619246e-05
669.2978382046567	9.381077018402529e-05
667.6287662889343	0.0005936319572788973
665.9638566473161	0.002842166084341579
664.303098900066	0.008598980523897844
662.6464826933326	0.01459539593451852
660.9939976990848	0.018537314981692088
659.3456336150473	0.022803792198673865
657.7013801646357	0.024059946523132588
656.0612270968935	0.0074454247724889495
654.4251641864274	0.0008485389205395784
652.7931812333441	0.0005769012536241267
651.165268063186	0.00043673817024858356
649.541414526869	0.0003830113889134732
647.9216105006174	0.0002767690943201415
646.3058458859026	0.00020878601644356618
644.6941106093791	0.0001903646018647138
643.0863946228221	0.0003396117322198385
641.4826879030645	0.0004595073602693262
639.8829804519346	0.0005510785711485256
638.2872622961941	0.00032271895857591634
636.6955234874755	0.00021815335419790891
635.1077541022198	0.0002186168971359917
633.5239442416158	0.00030814982605177393
631.9440840315369	0.00023310271024628464
630.3681636224809	0.0002666737867810023
628.7961731895072	0.0001882608017820982
627.2281029321766	0.0002011939717530032
625.6639430744904	0.00017000292129618899
624.1036838648284	0.00011014788521298295
622.5473155758887	0.00010717633593067652
620.9948285046271	-2.3011701929511667e-06
619.4462129721967	3.907524256722961e-05
617.9014593238868	-0.00018349922137108861
616.3605579290642	5.844778269576154e-05
614.8234991811114	0.00020642016969143174
613.290273497368	8.817908898103158e-06
689.6551724137931	nan
687.9353340785965	nan
686.219784617054	0.00014281204848294487
684.5085133337196	0.00010764009119856372
682.8015095598201	2.2776534705920397e-05
681.0987626531871	0.00013682930461503436
679.4002619981918	3.2145063025022895e-05
677.7059970056775	-7.070315475159117e-05
676.0159571128953	-2.7677984834405002e-05
674.3301317834367	-2.9216395840470292e-05
672.6485105071688	2.6430352514085318e-05
670.9710828001683	2.732990604619246e-05
669.2978382046567	9.381077018402529e-05
667.6287662889343	0.0005936319572788973
665.9638566473161	0.002842166084341579
664.303098900066	0.008598980523897844
662.6464826933326	0.01459539593451852
660.9939976990848	0.018537314981692088
659.3456336150473	0.022803792198673865
657.7013801646357	0.024059946523132588
656.0612270968935	0.0074454247724889495
654.4251641864274	0.0008485389205395784
652.7931812333441	0.0005769012536241267
651.165268063186	0.00043673817024858356
649.541414526869	0.0003830113889134732
647.9216105006174	0.0002767690943201415
646.3058458859026	0.00020878601644356618
644.6941106093791	0.0001903646018647138
643.0863946228221	0.0003396117322198385
641.4826879030645	0.0004595073602693262
639.8829804519346	0.0005510785711485256
638.2872622961941	0.00032271895857591634
636.6955234874755	0.00021815335419790891
635.1077541022198	0.0002186168971359917
633.5239442416158	0.00030814982605177393
631.9440840315369	0.00023310271024628464
630.3681636224809	0.0002666737867810023
628.7961731895072	0.0001882608017820982
627.2281029321766	0.0002011939717530032
625.6639430744904	0.00017000292129618899
624.1036838648284	0.00011014788521298295
622.5473155758887	0.00010717633593067652
620.9948285046271	-2.3011701929511667e-06
619.4462129721967	3.907524256722961e-05
617.9014593238868	-0.00018349922137108861
616.3605579290642	5.844778269576154e-05
614.8234991811114	0.00020642016969143174
613.290273497368	8.817908898103158e-06
689.6551724137931	nan
687.9353340785965	nan
686.219784617054	0.00014281204848294487
684.5085133337196	0.00010764009119856372
682.8015095598201	2.2776534705920397e-05
681.0987626531871	0.00013682930461503436
679.4002619981918	3.2145063025022895e-05
677.7059970056775	-7.070315475159117e-05
676.0159571128953	-2.7677984834405002e-05
674.3301317834367	-2.9216395840470292e-05
672.6485105071688	2.6430352514085318e-05
670.9710828001683	2.732990604619246e-05
669.2978382046567	9.381077018402529e-05
667.6287662889343	0.0005936319572788973
665.9638566473161	0.002842166084341579
664.303098900066	0.008598980523897844
662.6464826933326	0.01459539593451852
660.9939976990848	0.018537314981692088
659.3456336150473	0.022803792198673865
657.7013801646357	0.024059946523132588
656.0612270968935	0.0074454247724889495
654.4251641864274	0.0008485389205395784
652.7931812333441	0.0005769012536241267
651.165268063186	0.00043673817024858356
649.541414526869	0.0003830113889134732
647.9216105006174	0.0002767690943201415
646.3058458859026	0.00020878601644356618
644.6941106093791	0.0001903646018647138
643.0863946228221	0.0003396117322198385
641.4826879030645	0.0004595073602693262
639.8829804519346	0.0005510785711485256
638.2872622961941	0.00032271895857591634
636.6955234874755	0.00021815335419790891
635.1077541022198	0.0002186168971359917
633.5239442416158	0.00030814982605177393
631.9440840315369	0.00023310271024628464
630.3681636224809	0.0002666737867810023
628.7961731895072	0.0001882608017820982
627.2281029321766	0.0002011939717530032
625.6639430744904	0.00017000292129618899
624.1036838648284	0.00011014788521298295
622.5473155758887	0.00010717633593067652
620.9948285046271	-2.3011701929511667e-06
619.4462129721967	3.907524256722961e-05
617.9014593238868	-0.00018349922137108861
616.3605579290642	5.844778269576154e-05
614.8234991811114	0.00020642016969143174
613.290273497368	8.817908898103158e-06
689.6551724137931	nan
687.9353340785965	nan
686.219784617054	0.00014281204848294487
684.5085133337196	0.00010764009119856372
682.8015095598201	2.2776534705920397e-05
681.0987626531871	0.00013682930461503436
679.4002619981918	3.2145063025022895e-05
677.7059970056775	-7.070315475159117e-05
676.0159571128953	-2.7677984834405002e-05
674.3301317834367	-2.9216395840470292e-05
672.6485105071688	2.6430352514085318e-05
670.9710828001683	2.732990604619246e-05
669.2978382046567	9.381077018402529e-05
667.6287662889343	0.0005936319572788973
665.9638566473161	0.002842166084341579
664.303098900066	0.008598980523897844
662.6464826933326	0.01459539593451852
660.9939976990848	0.018537314981692088
659.3456336150473	0.022803792198673865
657.7013801646357	0.024059946523132588
656.0612270968935	0.0074454247724889495
654.4251641864274	0.0008485389205395784
652.7931812333441	0.0005769012536241267
651.165268063186	0.00043673817024858356
649.541414526869	0.0003830113889134732
647.9216105006174	0.0002767690943201415
646.3058458859026	0.00020878601644356618
644.6941106093791	0.0001903646018647138
643.0863946228221	0.0003396117322198385
641.4826879030645	0.0004595073602693262
639.8829804519346	0.0005510785711485256
638.2872622961941	0.00032271895857591634
636.6955234874755	0.00021815335419790891
635.1077541022198	0.0002186168971359917
633.5239442416158	0.00030814982605177393
631.9440840315369	0.00023310271024628464
630.3681636224809	0.0002666737867810023
628.7961731895072	0.0001882608017820982
627.2281029321766	0.0002011939717530032
625.6639430744904	0.00017000292129618899
624.1036838648284	0.00011014788521298295
622.5473155758887	0.00010717633593067652
620.9948285046271	-2.3011701929511667e-06
619.4462129721967	3.907524256722961e-05
617.9014593238868	-0.00018349922137108861
616.3605579290642	5.844778269576154e-05
614.8234991811114	0.00020642016969143174
613.290273497368	8.817908898103158e-06
689.6551724137931	nan
687.9353340785965	nan
686.219784617054	0.00014281204848294487
684.5085133337196	0.00010764009119856372
682.8015095598201	2.2776534705920397e-05
681.0987626531871	0.00013682930461503436
679.4002619981918	3.2145063025022895e-05
677.7059970056775	-7.070315475159117e-05
676.0159571128953	-2.7677984834405002e-05
674.3301317834367	-2.9216395840470292e-05
672.6485105071688	2.6430352514085318e-05
670.9710828001683	2.732990604619246e-05
669.2978382046567	9.381077018402529e-05
667.6287662889343	0.0005936319572788973
665.9638566473161	0.002842166084341579
664.303098900066	0.008598980523897844
662.6464826933326	0.01459539593451852
660.9939976990848	0.018537314981692088
659.3456336150473	0.022803792198673865
657.7013801646357	0.024059946523132588
656.0612270968935	0.0074454247724889495
654.4251641864274	0.0008485389205395784
652.7931812333441	0.0005769012536241267
651.165268063186	0.00043673817024858356
649.541414526869	0.0003830113889134732
647.9216105006174	0.0002767690943201415
646.3058458859026	0.00020878601644356618
644.6941106093791	0.0001903646018647138
643.0863946228221	0.0003396117322198385
641.4826879030645	0.0004595073602693262
639.8829804519346	0.0005510785711485256
638.2872622961941	0.00032271895857591634
636.6955234874755	0.00021815335419790891
635.1077541022198	0.0002186168971359917
633.5239442416158	0.00030814982605177393
631.9440840315369	0.00023310271024628464
630.3681636224809	0.0002666737867810023
628.7961731895072	0.0001882608017820982
627.2281029321766	0.0002011939717530032
625.6639430744904	0.00017000292129618899
624.1036838648284	0.00011014788521298295
622.5473155758887	0.00010717633593067652
620.9948285046271	-2.3011701929511667e-06
619.4462129721967	3.907524256722961e-05
617.9014593238868	-0.00018349922137108861
616.3605579290642	5.844778269576154e-05
614.8234991811114	0.00020642016969143174
613.290273497368	8.817908898103158e-06
689.6551724137931	nan
687.9353340785965	nan
686.219784617054	0.00014281204848294487
684.5085133337196	0.00010764009119856372
682.8015095598201	2.2776534705920397e-05
681.0987626531871	0.00013682930461503436
679.4002619981918	3.2145063025022895e-05
677.7059970056775	-7.070315475159117e-05
676.0159571128953	-2.7677984834405002e-05
674.3301317834367	-2.9216395840470292e-05
672.6485105071688	2.6430352514085318e-05
670.9710828001683	2.732990604619246e-05
669.2978382046567	9.381077018402529e-05
667.6287662889343	0.0005936319572788973
665.9638566473161	0.002842166084341579
664.303098900066	0.008598980523897844
662.6464826933326	0.01459539593451852
660.9939976990848	0.018537314981692088
659.3456336150473	0.022803792198673865
657.7013801646357	0.024059946523132588
656.0612270968935	0.0074454247724889495
654.4251641864274	0.0008485389205395784
652.7931812333441	0.0005769012536241267
651.165268063186	0.00043673817024858356
649.541414526869	0.0003830113889134732
647.9216105006174	0.0002767690943201415
646.3058458859026	0.00020878601644356618
644.6941106093791	0.0001903646018647138
643.0863946228221	0.0003396117322198385
641.4826879030645	0.0004595073602693262
639.8829804519346	0.0005510785711485256
638.2872622961941	0.00032271895857591634
636.6955234874755	0.00021815335419790891
635.1077541022198	0.0002186168971359917
633.5239442416158	0.00030814982605177393
631.9440840315369	0.00023310271024628464
630.3681636224809	0.0002666737867810023
628.7961731895072	0.0001882608017820982
627.2281029321766	0.0002011939717530032
625.6639430744904	0.00017000292129618899
624.1036838648284	0.00011014788521298295
622.5473155758887	0.00010717633593067652
620.9948285046271	-2.3011701929511667e-06
619.4462129721967	3.907524256722961e-05
617.9014593238868	-0.00018349922137108861
616.3605579290642	5.844778269576154e-05
614.8234991811114	0.00020642016969143174
613.290273497368	8.817908898103158e-06
689.6551724137931	nan
687.9353340785965	nan
686.219784617054	0.00014281204848294487
684.5085133337196	0.00010764009119856372
682.8015095598201	2.2776534705920397e-05
681.0987626531871	0.00013682930461503436
679.4002619981918	3.2145063025022895e-05
677.7059970056775	-7.070315475159117e-05
676.0159571128953	-2.7677984834405002e-05
674.3301317834367	-2.9216395840470292e-05
672.6485105071688	2.6430352514085318e-05
670.9710828001683	2.732990604619246e-05
669.2978382046567	9.381077018402529e-05
667.6287662889343	0.0005936319572788973
665.9638566473161	0.002842166084341579
664.303098900066	0.008598980523897844
662.6464826933326	0.01459539593451852
660.9939976990848	0.018537314981692088
659.3456336150473	0.022803792198673865
657.7013801646357	0.024059946523132588
656.0612270968935	0.0074454247724889495
654.4251641864274	0.0008485389205395784
652.7931812333441	0.0005769012536241267
651.165268063186	0.00043673817024858356
649.541414526869	0.0003830113889134732
647.9216105006174	0.0002767690943201415
646.3058458859026	0.00020878601644356618
644.6941106093791	0.0001903646018647138
643.0863946228221	0.0003396117322198385
641.4826879030645	0.0004595073602693262
639.8829804519346	0.0005510785711485256
638.2872622961941	0.00032271895857591634
636.6955234874755	0.00021815335419790891
635.1077541022198	0.0002186168971359917
633.5239442416158	0.00030814982605177393
631.9440840315369	0.00023310271024628464
630.3681636224809	0.0002666737867810023
628.7961731895072	0.0001882608017820982
627.2281029321766	0.0002011939717530032
625.6639430744904	0.00017000292129618899
624.1036838648284	0.00011014788521298295
622.5473155758887	0.00010717633593067652
620.9948285046271	-2.3011701929511667e-06
619.4462129721967	3.907524256722961e-05
617.9014593238868	-0.00018349922137108861
616.3605579290642	5.844778269576154e-05
614.8234991811114	0.00020642016969143174
613.290273497368	8.817908898103158e-06
689.6551724137931	nan
687.9353340785965	nan
686.219784617054	0.00014281204848294487
684.5085133337196	0.00010764009119856372
682.8015095598201	2.2776534705920397e-05
681.0987626531871	0.00013682930461503436
679.4002619981918	3.2145063025022895e-05
677.7059970056775	-7.070315475159117e-05
676.0159571128953	-2.7677984834405002e-05
674.3301317834367	-2.9216395840470292e-05
672.6485105071688	2.6430352514085318e-05
670.9710828001683	2.732990604619246e-05
669.2978382046567	9.381077018402529e-05
667.6287662889343	0.0005936319572788973
665.9638566473161	0.002842166084341579
664.303098900066	0.008598980523897844
662.6464826933326	0.01459539593451852
660.9939976990848	0.018537314981692088
659.3456336150473	0.022803792198673865
657.7013801646357	0.024059946523132588
656.0612270968935	0.0074454247724889495
654.4251641864274	0.0008485389205395784
652.7931812333441	0.0005769012536241267
651.165268063186	0.00043673817024858356
649.541414526869	0.0003830113889134732
647.9216105006174	0.0002767690943201415
646.3058458859026	0.00020878601644356618
644.6941106093791	0.0001903646018647138
643.0863946228221	0.0003396117322198385
641.4826879030645	0.0004595073602693262
639.8829804519346	0.0005510785711485256
638.2872622961941	0.00032271895857591634
636.6955234874755	0.00021815335419790891
635.1077541022198	0.0002186168971359917
633.5239442416158	0.00030814982605177393
631.9440840315369	0.00023310271024628464
630.3681636224809	0.0002666737867810023
628.7961731895072	0.0001882608017820982
627.2281029321766	0.0002011939717530032
625.6639430744904	0.00017000292129618899
624.1036838648284	0.00011014788521298295
622.5473155758887	0.00010717633593067652
620.9948285046271	-2.3011701929511667e-06
619.4462129721967	3.907524256722961e-05
617.9014593238868	-0.00018349922137108861
616.3605579290642	5.844778269576154e-05
614.8234991811114	0.00020642016969143174
613.290273497368	8.817908898103158e-06
