675.6756756756756	-0.0001005423846972347
674.5514233035032	-2.836699976316877e-05
673.4290415675573	-2.5154577633966765e-05
672.3085273552983	1.803500723104269e-05
671.1898775593661	7.861200514119918e-05
670.0730890775702	0.00019597179262033089
668.9581588128821	0.0001784059964857004
667.8450836734263	0.00030014845079757855
666.7338605724722	0.0006987488706042569
665.624486428425	0.000949179713897484
664.516958164817	0.001342764204260392
663.4112727102997	0.0020038549609012937
662.3074269986354	0.0029719168497867815
661.2054179686876	0.004383486386718811
660.1052425644137	0.005914203817997006
659.0068977348556	0.006634838718029877
657.910380434132	0.0025757517799451244
656.8156876214297	0.0010298143580662854
655.7228162609947	0.0006108688370182044
654.6317633221245	0.0005543593229664413
653.5425257791593	0.0005766408417377375
652.4551006114734	0.00011677290196110353
651.3694848034676	0.00025022041964910073
650.28567534456	8.114811290292605e-05
649.2036692291782	1.3997366353836092e-05
648.1234634567502	0.00012776266271093137
647.0450550316974	-3.142244338145839e-05
645.968440963425	6.742445888360523e-06
644.8936182663145	-6.247471844779576e-05
643.820583959715	0.00014310628059835173
642.749335067935	0.0002480161579256571
641.6798686202346	0.00020623300883883448
640.6121816508166	0.0002442995948057044
639.5462711988185	0.00014791194055302666
638.4821343083047	0.00022813681746424995
637.4197680282575	1.575760151396888e-05
636.35916941257	-7.814557569361696e-05
635.3003355200367	2.091334752791957e-05
634.2432634143461	-2.8709875776331117e-06
633.1879501640726	0.00010905546658307807
632.1343928426681	8.526332016634398e-05
631.082588528454	4.614285878485498e-05
630.0325343046131	0.0001410499268673279
628.9842272591811	7.824018800968108e-05
627.9376644850395	-1.1030105739706483e-05
626.8928430799064	2.759325402262034e-05
625.8497601463291	-0.00026197852222779123
624.8084127916762	-0.00022212347695476354
623.7687981281293	6.072330102839496e-05
622.7309132726749	-7.719886395950003e-05
621.6947553470964	7.388912458216672e-05
620.6603214779665	9.361572988679459e-05
619.6276087966387	1.8598670660440794e-05
618.5966144392399	5.550972454487481e-05
617.5673355466622	-0.00015790182626794152
616.5397692645546	-3.493704669286807e-05
615.5139127433158	-6.911055783315472e-06
614.4897631380857	-2.8346056284184598e-05
613.4673176087377	5.9075962217436906e-05
689.6551724137931	nan
688.5076596477136	nan
687.3620562206792	nan
686.2183589557528	-8.151891949025221e-05
685.0765646812841	-0.000137310751352857
683.9366702308993	-0.0002254627495709039
682.7986724434935	3.2579281240425364e-06
681.6625681632214	-0.00022512969358880766
680.528354239489	-0.0001317109113251998
679.3960275269441	9.043330109724744e-05
678.2655848854682	1.4884142704655833e-05
677.137023180168	-4.9050784505615024e-05
676.0103392813658	-9.043549176825388e-05
674.8855300645913	-4.237032077173487e-05
673.7625924105738	8.514327236298368e-06
672.6415232052317	-1.0542717674827154e-05
671.5223193396656	4.904670633064819e-05
670.4049777101487	0.00017279009862705425
669.2894952181186	0.0001803059945734184
668.1758687701683	0.00020766596246372582
667.0640952780383	0.0005371447520011222
665.9541716586072	0.0009022270308221737
664.846094833884	0.0012691675330504775
663.7398617309991	0.0016271362564584983
662.6354692821953	0.002545332586586393
661.5329144248207	0.003954512085134737
660.4321941013185	0.005206445053039927
659.3333052592199	0.007554328170420193
658.2362448511346	0.00354741533434026
657.1410098347434	0.00116040327881151
656.0475971727888	0.0007220062646965175
654.9560038330669	0.0005479779336061624
653.8662267884196	0.0005708020411384142
652.7782630167251	0.00016633969816127477
651.6921095008902	0.00011668353582930185
650.607763228842	0.00022509778308261563
649.5252211935195	8.269489849550638e-06
648.4444803928648	0.00015675398141195472
647.3655378298151	1.8723358340262838e-05
646.2883905122948	1.611953576664648e-05
645.213035453206	-5.807173159557374e-05
644.1394696704219	0.00014310628059835173
643.0676901867774	0.00019330659248743468
641.9976940300605	0.00030448839858461573
640.9294782330055	0.00020951246376985658
639.8630398332834	0.00017544088416276277
638.7983758734943	0.0002237797880452177
637.7354834011591	0.00016608193298416806
636.6743594687111	-6.117713268096756e-05
635.6150011334888	-7.161616638677915e-05
634.5574054577258	2.7194126670249537e-05
633.501569508545	0.00010905546658307807
632.4474903579484	4.0878320185325706e-05
631.3951650828103	0.00012101010007640343
630.3445907648688	9.064473478367216e-05
629.2957644907177	9.386319924398574e-05
628.248683351798	-1.1030105739706483e-05
627.2033444443907	8.562318211611646e-08
626.1597448696081	-8.064667265425082e-05
625.1178817333857	-0.0002605543685697083
624.077752146475	-8.353445166218126e-05
623.0393532244342	-2.3025207583803378e-05
622.0026820876216	7.388912458216672e-05
620.9677358611862	9.361572988679459e-05
619.934511675061	-4.1653183895627766e-05
618.9030066639544	6.298110691278345e-05
617.8732179673423	3.847471027236214e-05
616.8451427294599	-0.00018629110517851775
615.8187780992944	2.697311221288205e-05
614.7941212305768	-3.0115263211103868e-05
613.771169281774	5.9075962217436906e-05
612.7499194160806	0.00020184744166873827
689.6551724137931	nan
688.5076596477136	nan
687.3620562206792	nan
686.2183589557528	-8.151891949025221e-05
685.0765646812841	-0.000137310751352857
683.9366702308993	-0.0002254627495709039
682.7986724434935	3.2579281240425364e-06
681.6625681632214	-0.00022512969358880766
680.528354239489	-0.0001317109113251998
679.3960275269441	9.043330109724744e-05
678.2655848854682	1.4884142704655833e-05
677.137023180168	-4.9050784505615024e-05
676.0103392813658	-9.043549176825388e-05
674.8855300645913	-4.237032077173487e-05
673.7625924105738	8.514327236298368e-06
672.6415232052317	-1.0542717674827154e-05
671.5223193396656	4.904670633064819e-05
670.4049777101487	0.00017279009862705425
669.2894952181186	0.0001803059945734184
668.1758687701683	0.00020766596246372582
667.0640952780383	0.0005371447520011222
665.9541716586072	0.0009022270308221737
664.846094833884	0.0012691675330504775
663.7398617309991	0.0016271362564584983
662.6354692821953	0.002545332586586393
661.5329144248207	0.003954512085134737
660.4321941013185	0.005206445053039927
659.3333052592199	0.007554328170420193
658.2362448511346	0.00354741533434026
657.1410098347434	0.00116040327881151
656.0475971727888	0.0007220062646965175
654.9560038330669	0.0005479779336061624
653.8662267884196	0.0005708020411384142
652.7782630167251	0.00016633969816127477
651.6921095008902	0.00011668353582930185
650.607763228842	0.00022509778308261563
649.5252211935195	8.269489849550638e-06
648.4444803928648	0.00015675398141195472
647.3655378298151	1.8723358340262838e-05
646.2883905122948	1.611953576664648e-05
645.213035453206	-5.807173159557374e-05
644.1394696704219	0.00014310628059835173
643.0676901867774	0.00019330659248743468
641.9976940300605	0.00030448839858461573
640.9294782330055	0.00020951246376985658
639.8630398332834	0.00017544088416276277
638.7983758734943	0.0002237797880452177
637.7354834011591	0.00016608193298416806
636.6743594687111	-6.117713268096756e-05
635.6150011334888	-7.161616638677915e-05
634.5574054577258	2.7194126670249537e-05
633.501569508545	0.00010905546658307807
632.4474903579484	4.0878320185325706e-05
631.3951650828103	0.00012101010007640343
630.3445907648688	9.064473478367216e-05
629.2957644907177	9.386319924398574e-05
628.248683351798	-1.1030105739706483e-05
627.2033444443907	8.562318211611646e-08
626.1597448696081	-8.064667265425082e-05
625.1178817333857	-0.0002605543685697083
624.077752146475	-8.353445166218126e-05
623.0393532244342	-2.3025207583803378e-05
622.0026820876216	7.388912458216672e-05
620.9677358611862	9.361572988679459e-05
619.934511675061	-4.1653183895627766e-05
618.9030066639544	6.298110691278345e-05
617.8732179673423	3.847471027236214e-05
616.8451427294599	-0.00018629110517851775
615.8187780992944	2.697311221288205e-05
614.7941212305768	-3.0115263211103868e-05
613.771169281774	5.9075962217436906e-05
612.7499194160806	0.00020184744166873827
689.6551724137931	nan
688.5076596477136	nan
687.3620562206792	nan
686.2183589557528	-8.151891949025221e-05
685.0765646812841	-0.000137310751352857
683.9366702308993	-0.0002254627495709039
682.7986724434935	3.2579281240425364e-06
681.6625681632214	-0.00022512969358880766
680.528354239489	-0.0001317109113251998
679.3960275269441	9.043330109724744e-05
678.2655848854682	1.4884142704655833e-05
677.137023180168	-4.9050784505615024e-05
676.0103392813658	-9.043549176825388e-05
674.8855300645913	-4.237032077173487e-05
673.7625924105738	8.514327236298368e-06
672.6415232052317	-1.0542717674827154e-05
671.5223193396656	4.904670633064819e-05
670.4049777101487	0.00017279009862705425
669.2894952181186	0.0001803059945734184
668.1758687701683	0.00020766596246372582
667.0640952780383	0.0005371447520011222
665.9541716586072	0.0009022270308221737
664.846094833884	0.0012691675330504775
663.7398617309991	0.0016271362564584983
662.6354692821953	0.002545332586586393
661.5329144248207	0.003954512085134737
660.4321941013185	0.005206445053039927
659.3333052592199	0.007554328170420193
658.2362448511346	0.00354741533434026
657.1410098347434	0.00116040327881151
656.0475971727888	0.0007220062646965175
654.9560038330669	0.0005479779336061624
653.8662267884196	0.0005708020411384142
652.7782630167251	0.00016633969816127477
651.6921095008902	0.00011668353582930185
650.607763228842	0.00022509778308261563
649.5252211935195	8.269489849550638e-06
648.4444803928648	0.00015675398141195472
647.3655378298151	1.8723358340262838e-05
646.2883905122948	1.611953576664648e-05
645.213035453206	-5.807173159557374e-05
644.1394696704219	0.00014310628059835173
643.0676901867774	0.00019330659248743468
641.9976940300605	0.00030448839858461573
640.9294782330055	0.00020951246376985658
639.8630398332834	0.00017544088416276277
638.7983758734943	0.0002237797880452177
637.7354834011591	0.00016608193298416806
636.6743594687111	-6.117713268096756e-05
635.6150011334888	-7.161616638677915e-05
634.5574054577258	2.7194126670249537e-05
633.501569508545	0.00010905546658307807
632.4474903579484	4.0878320185325706e-05
631.3951650828103	0.00012101010007640343
630.3445907648688	9.064473478367216e-05
629.2957644907177	9.386319924398574e-05
628.248683351798	-1.1030105739706483e-05
627.2033444443907	8.562318211611646e-08
626.1597448696081	-8.064667265425082e-05
625.1178817333857	-0.0002605543685697083
624.077752146475	-8.353445166218126e-05
623.0393532244342	-2.3025207583803378e-05
622.0026820876216	7.388912458216672e-05
620.9677358611862	9.361572988679459e-05
619.934511675061	-4.1653183895627766e-05
618.9030066639544	6.298110691278345e-05
617.8732179673423	3.847471027236214e-05
616.8451427294599	-0.00018629110517851775
615.8187780992944	2.697311221288205e-05
614.7941212305768	-3.0115263211103868e-05
613.771169281774	5.9075962217436906e-05
612.7499194160806	0.00020184744166873827
689.6551724137931	nan
688.5076596477136	nan
687.3620562206792	nan
686.2183589557528	-8.151891949025221e-05
685.0765646812841	-0.000137310751352857
683.9366702308993	-0.0002254627495709039
682.7986724434935	3.2579281240425364e-06
681.6625681632214	-0.00022512969358880766
680.528354239489	-0.0001317109113251998
679.3960275269441	9.043330109724744e-05
678.2655848854682	1.4884142704655833e-05
677.137023180168	-4.9050784505615024e-05
676.0103392813658	-9.043549176825388e-05
674.8855300645913	-4.237032077173487e-05
673.7625924105738	8.514327236298368e-06
672.6415232052317	-1.0542717674827154e-05
671.5223193396656	4.904670633064819e-05
670.4049777101487	0.00017279009862705425
669.2894952181186	0.0001803059945734184
668.1758687701683	0.00020766596246372582
667.0640952780383	0.0005371447520011222
665.9541716586072	0.0009022270308221737
664.846094833884	0.0012691675330504775
663.7398617309991	0.0016271362564584983
662.6354692821953	0.002545332586586393
661.5329144248207	0.003954512085134737
660.4321941013185	0.005206445053039927
659.3333052592199	0.007554328170420193
658.2362448511346	0.00354741533434026
657.1410098347434	0.00116040327881151
656.0475971727888	0.0007220062646965175
654.9560038330669	0.0005479779336061624
653.8662267884196	0.0005708020411384142
652.7782630167251	0.00016633969816127477
651.6921095008902	0.00011668353582930185
650.607763228842	0.00022509778308261563
649.5252211935195	8.269489849550638e-06
648.4444803928648	0.00015675398141195472
647.3655378298151	1.8723358340262838e-05
646.2883905122948	1.611953576664648e-05
645.213035453206	-5.807173159557374e-05
644.1394696704219	0.00014310628059835173
643.0676901867774	0.00019330659248743468
641.9976940300605	0.00030448839858461573
640.9294782330055	0.00020951246376985658
639.8630398332834	0.00017544088416276277
638.7983758734943	0.0002237797880452177
637.7354834011591	0.00016608193298416806
636.6743594687111	-6.117713268096756e-05
635.6150011334888	-7.161616638677915e-05
634.5574054577258	2.7194126670249537e-05
633.501569508545	0.00010905546658307807
632.4474903579484	4.0878320185325706e-05
631.3951650828103	0.00012101010007640343
630.3445907648688	9.064473478367216e-05
629.2957644907177	9.386319924398574e-05
628.248683351798	-1.1030105739706483e-05
627.2033444443907	8.562318211611646e-08
626.1597448696081	-8.064667265425082e-05
625.1178817333857	-0.0002605543685697083
624.077752146475	-8.353445166218126e-05
623.0393532244342	-2.3025207583803378e-05
622.0026820876216	7.388912458216672e-05
620.9677358611862	9.361572988679459e-05
619.934511675061	-4.1653183895627766e-05
618.9030066639544	6.298110691278345e-05
617.8732179673423	3.847471027236214e-05
616.8451427294599	-0.00018629110517851775
615.8187780992944	2.697311221288205e-05
614.7941212305768	-3.0115263211103868e-05
613.771169281774	5.9075962217436906e-05
612.7499194160806	0.00020184744166873827
689.6551724137931	nan
688.5076596477136	nan
687.3620562206792	nan
686.2183589557528	-8.151891949025221e-05
685.0765646812841	-0.000137310751352857
683.9366702308993	-0.0002254627495709039
682.7986724434935	3.2579281240425364e-06
681.6625681632214	-0.00022512969358880766
680.528354239489	-0.0001317109113251998
679.3960275269441	9.043330109724744e-05
678.2655848854682	1.4884142704655833e-05
677.137023180168	-4.9050784505615024e-05
676.0103392813658	-9.043549176825388e-05
674.8855300645913	-4.237032077173487e-05
673.7625924105738	8.514327236298368e-06
672.6415232052317	-1.0542717674827154e-05
671.5223193396656	4.904670633064819e-05
670.4049777101487	0.00017279009862705425
669.2894952181186	0.0001803059945734184
668.1758687701683	0.00020766596246372582
667.0640952780383	0.0005371447520011222
665.9541716586072	0.0009022270308221737
664.846094833884	0.0012691675330504775
663.7398617309991	0.0016271362564584983
662.6354692821953	0.002545332586586393
661.5329144248207	0.003954512085134737
660.4321941013185	0.005206445053039927
659.3333052592199	0.007554328170420193
658.2362448511346	0.00354741533434026
657.1410098347434	0.00116040327881151
656.0475971727888	0.0007220062646965175
654.9560038330669	0.0005479779336061624
653.8662267884196	0.0005708020411384142
652.7782630167251	0.00016633969816127477
651.6921095008902	0.00011668353582930185
650.607763228842	0.00022509778308261563
649.5252211935195	8.269489849550638e-06
648.4444803928648	0.00015675398141195472
647.3655378298151	1.8723358340262838e-05
646.2883905122948	1.611953576664648e-05
645.213035453206	-5.807173159557374e-05
644.1394696704219	0.00014310628059835173
643.0676901867774	0.00019330659248743468
641.9976940300605	0.00030448839858461573
640.9294782330055	0.00020951246376985658
639.8630398332834	0.00017544088416276277
638.7983758734943	0.0002237797880452177
637.7354834011591	0.00016608193298416806
636.6743594687111	-6.117713268096756e-05
635.6150011334888	-7.161616638677915e-05
634.5574054577258	2.7194126670249537e-05
633.501569508545	0.00010905546658307807
632.4474903579484	4.0878320185325706e-05
631.3951650828103	0.00012101010007640343
630.3445907648688	9.064473478367216e-05
629.2957644907177	9.386319924398574e-05
628.248683351798	-1.1030105739706483e-05
627.2033444443907	8.562318211611646e-08
626.1597448696081	-8.064667265425082e-05
625.1178817333857	-0.0002605543685697083
624.077752146475	-8.353445166218126e-05
623.0393532244342	-2.3025207583803378e-05
622.0026820876216	7.388912458216672e-05
620.9677358611862	9.361572988679459e-05
619.934511675061	-4.1653183895627766e-05
618.9030066639544	6.298110691278345e-05
617.8732179673423	3.847471027236214e-05
616.8451427294599	-0.00018629110517851775
615.8187780992944	2.697311221288205e-05
614.7941212305768	-3.0115263211103868e-05
613.771169281774	5.9075962217436906e-05
612.7499194160806	0.00020184744166873827
689.6551724137931	nan
688.5076596477136	nan
687.3620562206792	nan
686.2183589557528	-8.151891949025221e-05
685.0765646812841	-0.000137310751352857
683.9366702308993	-0.0002254627495709039
682.7986724434935	3.2579281240425364e-06
681.6625681632214	-0.00022512969358880766
680.528354239489	-0.0001317109113251998
679.3960275269441	9.043330109724744e-05
678.2655848854682	1.4884142704655833e-05
677.137023180168	-4.9050784505615024e-05
676.0103392813658	-9.043549176825388e-05
674.8855300645913	-4.237032077173487e-05
673.7625924105738	8.514327236298368e-06
672.6415232052317	-1.0542717674827154e-05
671.5223193396656	4.904670633064819e-05
670.4049777101487	0.00017279009862705425
669.2894952181186	0.0001803059945734184
668.1758687701683	0.00020766596246372582
667.0640952780383	0.0005371447520011222
665.9541716586072	0.0009022270308221737
664.846094833884	0.0012691675330504775
663.7398617309991	0.0016271362564584983
662.6354692821953	0.002545332586586393
661.5329144248207	0.003954512085134737
660.4321941013185	0.005206445053039927
659.3333052592199	0.007554328170420193
658.2362448511346	0.00354741533434026
657.1410098347434	0.00116040327881151
656.0475971727888	0.0007220062646965175
654.9560038330669	0.0005479779336061624
653.8662267884196	0.0005708020411384142
652.7782630167251	0.00016633969816127477
651.6921095008902	0.00011668353582930185
650.607763228842	0.00022509778308261563
649.5252211935195	8.269489849550638e-06
648.4444803928648	0.00015675398141195472
647.3655378298151	1.8723358340262838e-05
646.2883905122948	1.611953576664648e-05
645.213035453206	-5.807173159557374e-05
644.1394696704219	0.00014310628059835173
643.0676901867774	0.00019330659248743468
641.9976940300605	0.00030448839858461573
640.9294782330055	0.00020951246376985658
639.8630398332834	0.00017544088416276277
638.7983758734943	0.0002237797880452177
637.7354834011591	0.00016608193298416806
636.6743594687111	-6.117713268096756e-05
635.6150011334888	-7.161616638677915e-05
634.5574054577258	2.7194126670249537e-05
633.501569508545	0.00010905546658307807
632.4474903579484	4.0878320185325706e-05
631.3951650828103	0.00012101010007640343
630.3445907648688	9.064473478367216e-05
629.2957644907177	9.386319924398574e-05
628.248683351798	-1.1030105739706483e-05
627.2033444443907	8.562318211611646e-08
626.1597448696081	-8.064667265425082e-05
625.1178817333857	-0.0002605543685697083
624.077752146475	-8.353445166218126e-05
623.0393532244342	-2.3025207583803378e-05
622.0026820876216	7.388912458216672e-05
620.9677358611862	9.361572988679459e-05
619.934511675061	-4.1653183895627766e-05
618.9030066639544	6.298110691278345e-05
617.8732179673423	3.847471027236214e-05
616.8451427294599	-0.00018629110517851775
615.8187780992944	2.697311221288205e-05
614.7941212305768	-3.0115263211103868e-05
613.771169281774	5.9075962217436906e-05
612.7499194160806	0.00020184744166873827
689.6551724137931	nan
688.5076596477136	nan
687.3620562206792	nan
686.2183589557528	-8.151891949025221e-05
685.0765646812841	-0.000137310751352857
683.9366702308993	-0.0002254627495709039
682.7986724434935	3.2579281240425364e-06
681.6625681632214	-0.00022512969358880766
680.528354239489	-0.0001317109113251998
679.3960275269441	9.043330109724744e-05
678.2655848854682	1.4884142704655833e-05
677.137023180168	-4.9050784505615024e-05
676.0103392813658	-9.043549176825388e-05
674.8855300645913	-4.237032077173487e-05
673.7625924105738	8.514327236298368e-06
672.6415232052317	-1.0542717674827154e-05
671.5223193396656	4.904670633064819e-05
670.4049777101487	0.00017279009862705425
669.2894952181186	0.0001803059945734184
668.1758687701683	0.00020766596246372582
667.0640952780383	0.0005371447520011222
665.9541716586072	0.0009022270308221737
664.846094833884	0.0012691675330504775
663.7398617309991	0.0016271362564584983
662.6354692821953	0.002545332586586393
661.5329144248207	0.003954512085134737
660.4321941013185	0.005206445053039927
659.3333052592199	0.007554328170420193
658.2362448511346	0.00354741533434026
657.1410098347434	0.00116040327881151
656.0475971727888	0.0007220062646965175
654.9560038330669	0.0005479779336061624
653.8662267884196	0.0005708020411384142
652.7782630167251	0.00016633969816127477
651.6921095008902	0.00011668353582930185
650.607763228842	0.00022509778308261563
649.5252211935195	8.269489849550638e-06
648.4444803928648	0.00015675398141195472
647.3655378298151	1.8723358340262838e-05
646.2883905122948	1.611953576664648e-05
645.213035453206	-5.807173159557374e-05
644.1394696704219	0.00014310628059835173
643.0676901867774	0.00019330659248743468
641.9976940300605	0.00030448839858461573
640.9294782330055	0.00020951246376985658
639.8630398332834	0.00017544088416276277
638.7983758734943	0.0002237797880452177
637.7354834011591	0.00016608193298416806
636.6743594687111	-6.117713268096756e-05
635.6150011334888	-7.161616638677915e-05
634.5574054577258	2.7194126670249537e-05
633.501569508545	0.00010905546658307807
632.4474903579484	4.0878320185325706e-05
631.3951650828103	0.00012101010007640343
630.3445907648688	9.064473478367216e-05
629.2957644907177	9.386319924398574e-05
628.248683351798	-1.1030105739706483e-05
627.2033444443907	8.562318211611646e-08
626.1597448696081	-8.064667265425082e-05
625.1178817333857	-0.0002605543685697083
624.077752146475	-8.353445166218126e-05
623.0393532244342	-2.3025207583803378e-05
622.0026820876216	7.388912458216672e-05
620.9677358611862	9.361572988679459e-05
619.934511675061	-4.1653183895627766e-05
618.9030066639544	6.298110691278345e-05
617.8732179673423	3.847471027236214e-05
616.8451427294599	-0.00018629110517851775
615.8187780992944	2.697311221288205e-05
614.7941212305768	-3.0115263211103868e-05
613.771169281774	5.9075962217436906e-05
612.7499194160806	0.00020184744166873827
689.6551724137931	nan
688.5076596477136	nan
687.3620562206792	nan
686.2183589557528	-8.151891949025221e-05
685.0765646812841	-0.000137310751352857
683.9366702308993	-0.0002254627495709039
682.7986724434935	3.2579281240425364e-06
681.6625681632214	-0.00022512969358880766
680.528354239489	-0.0001317109113251998
679.3960275269441	9.043330109724744e-05
678.2655848854682	1.4884142704655833e-05
677.137023180168	-4.9050784505615024e-05
676.0103392813658	-9.043549176825388e-05
674.8855300645913	-4.237032077173487e-05
673.7625924105738	8.514327236298368e-06
672.6415232052317	-1.0542717674827154e-05
671.5223193396656	4.904670633064819e-05
670.4049777101487	0.00017279009862705425
669.2894952181186	0.0001803059945734184
668.1758687701683	0.00020766596246372582
667.0640952780383	0.0005371447520011222
665.9541716586072	0.0009022270308221737
664.846094833884	0.0012691675330504775
663.7398617309991	0.0016271362564584983
662.6354692821953	0.002545332586586393
661.5329144248207	0.003954512085134737
660.4321941013185	0.005206445053039927
659.3333052592199	0.007554328170420193
658.2362448511346	0.00354741533434026
657.1410098347434	0.00116040327881151
656.0475971727888	0.0007220062646965175
654.9560038330669	0.0005479779336061624
653.8662267884196	0.0005708020411384142
652.7782630167251	0.00016633969816127477
651.6921095008902	0.00011668353582930185
650.607763228842	0.00022509778308261563
649.5252211935195	8.269489849550638e-06
648.4444803928648	0.00015675398141195472
647.3655378298151	1.8723358340262838e-05
646.2883905122948	1.611953576664648e-05
645.213035453206	-5.807173159557374e-05
644.1394696704219	0.00014310628059835173
643.0676901867774	0.00019330659248743468
641.9976940300605	0.00030448839858461573
640.9294782330055	0.00020951246376985658
639.8630398332834	0.00017544088416276277
638.7983758734943	0.0002237797880452177
637.7354834011591	0.00016608193298416806
636.6743594687111	-6.117713268096756e-05
635.6150011334888	-7.161616638677915e-05
634.5574054577258	2.7194126670249537e-05
633.501569508545	0.00010905546658307807
632.4474903579484	4.0878320185325706e-05
631.3951650828103	0.00012101010007640343
630.3445907648688	9.064473478367216e-05
629.2957644907177	9.386319924398574e-05
628.248683351798	-1.1030105739706483e-05
627.2033444443907	8.562318211611646e-08
626.1597448696081	-8.064667265425082e-05
625.1178817333857	-0.0002605543685697083
624.077752146475	-8.353445166218126e-05
623.0393532244342	-2.3025207583803378e-05
622.0026820876216	7.388912458216672e-05
620.9677358611862	9.361572988679459e-05
619.934511675061	-4.1653183895627766e-05
618.9030066639544	6.298110691278345e-05
617.8732179673423	3.847471027236214e-05
616.8451427294599	-0.00018629110517851775
615.8187780992944	2.697311221288205e-05
614.7941212305768	-3.0115263211103868e-05
613.771169281774	5.9075962217436906e-05
612.7499194160806	0.00020184744166873827
689.6551724137931	nan
688.5076596477136	nan
687.3620562206792	nan
686.2183589557528	-8.151891949025221e-05
685.0765646812841	-0.000137310751352857
683.9366702308993	-0.0002254627495709039
682.7986724434935	3.2579281240425364e-06
681.6625681632214	-0.00022512969358880766
680.528354239489	-0.0001317109113251998
679.3960275269441	9.043330109724744e-05
678.2655848854682	1.4884142704655833e-05
677.137023180168	-4.9050784505615024e-05
676.0103392813658	-9.043549176825388e-05
674.8855300645913	-4.237032077173487e-05
673.7625924105738	8.514327236298368e-06
672.6415232052317	-1.0542717674827154e-05
671.5223193396656	4.904670633064819e-05
670.4049777101487	0.00017279009862705425
669.2894952181186	0.0001803059945734184
668.1758687701683	0.00020766596246372582
667.0640952780383	0.0005371447520011222
665.9541716586072	0.0009022270308221737
664.846094833884	0.0012691675330504775
663.7398617309991	0.0016271362564584983
662.6354692821953	0.002545332586586393
661.5329144248207	0.003954512085134737
660.4321941013185	0.005206445053039927
659.3333052592199	0.007554328170420193
658.2362448511346	0.00354741533434026
657.1410098347434	0.00116040327881151
656.0475971727888	0.0007220062646965175
654.9560038330669	0.0005479779336061624
653.8662267884196	0.0005708020411384142
652.7782630167251	0.00016633969816127477
651.6921095008902	0.00011668353582930185
650.607763228842	0.00022509778308261563
649.5252211935195	8.269489849550638e-06
648.4444803928648	0.00015675398141195472
647.3655378298151	1.8723358340262838e-05
646.2883905122948	1.611953576664648e-05
645.213035453206	-5.807173159557374e-05
644.1394696704219	0.00014310628059835173
643.0676901867774	0.00019330659248743468
641.9976940300605	0.00030448839858461573
640.9294782330055	0.00020951246376985658
639.8630398332834	0.00017544088416276277
638.7983758734943	0.0002237797880452177
637.7354834011591	0.00016608193298416806
636.6743594687111	-6.117713268096756e-05
635.6150011334888	-7.161616638677915e-05
634.5574054577258	2.7194126670249537e-05
633.501569508545	0.00010905546658307807
632.4474903579484	4.0878320185325706e-05
631.3951650828103	0.00012101010007640343
630.3445907648688	9.064473478367216e-05
629.2957644907177	9.386319924398574e-05
628.248683351798	-1.1030105739706483e-05
627.2033444443907	8.562318211611646e-08
626.1597448696081	-8.064667265425082e-05
625.1178817333857	-0.0002605543685697083
624.077752146475	-8.353445166218126e-05
623.0393532244342	-2.3025207583803378e-05
622.0026820876216	7.388912458216672e-05
620.9677358611862	9.361572988679459e-05
619.934511675061	-4.1653183895627766e-05
618.9030066639544	6.298110691278345e-05
617.8732179673423	3.847471027236214e-05
616.8451427294599	-0.00018629110517851775
615.8187780992944	2.697311221288205e-05
614.7941212305768	-3.0115263211103868e-05
613.771169281774	5.9075962217436906e-05
612.7499194160806	0.00020184744166873827
689.6551724137931	nan
688.5076596477136	nan
687.3620562206792	nan
686.2183589557528	-8.151891949025221e-05
685.0765646812841	-0.000137310751352857
683.9366702308993	-0.0002254627495709039
682.7986724434935	3.2579281240425364e-06
681.6625681632214	-0.00022512969358880766
680.528354239489	-0.0001317109113251998
679.3960275269441	9.043330109724744e-05
678.2655848854682	1.4884142704655833e-05
677.137023180168	-4.9050784505615024e-05
676.0103392813658	-9.043549176825388e-05
674.8855300645913	-4.237032077173487e-05
673.7625924105738	8.514327236298368e-06
672.6415232052317	-1.0542717674827154e-05
671.5223193396656	4.904670633064819e-05
670.4049777101487	0.00017279009862705425
669.2894952181186	0.0001803059945734184
668.1758687701683	0.00020766596246372582
667.0640952780383	0.0005371447520011222
665.9541716586072	0.0009022270308221737
664.846094833884	0.0012691675330504775
663.7398617309991	0.0016271362564584983
662.6354692821953	0.002545332586586393
661.5329144248207	0.003954512085134737
660.4321941013185	0.005206445053039927
659.3333052592199	0.007554328170420193
658.2362448511346	0.00354741533434026
657.1410098347434	0.00116040327881151
656.0475971727888	0.0007220062646965175
654.9560038330669	0.0005479779336061624
653.8662267884196	0.0005708020411384142
652.7782630167251	0.00016633969816127477
651.6921095008902	0.00011668353582930185
650.607763228842	0.00022509778308261563
649.5252211935195	8.269489849550638e-06
648.4444803928648	0.00015675398141195472
647.3655378298151	1.8723358340262838e-05
646.2883905122948	1.611953576664648e-05
645.213035453206	-5.807173159557374e-05
644.1394696704219	0.00014310628059835173
643.0676901867774	0.00019330659248743468
641.9976940300605	0.00030448839858461573
640.9294782330055	0.00020951246376985658
639.8630398332834	0.00017544088416276277
638.7983758734943	0.0002237797880452177
637.7354834011591	0.00016608193298416806
636.6743594687111	-6.117713268096756e-05
635.6150011334888	-7.161616638677915e-05
634.5574054577258	2.7194126670249537e-05
633.501569508545	0.00010905546658307807
632.4474903579484	4.0878320185325706e-05
631.3951650828103	0.00012101010007640343
630.3445907648688	9.064473478367216e-05
629.2957644907177	9.386319924398574e-05
628.248683351798	-1.1030105739706483e-05
627.2033444443907	8.562318211611646e-08
626.1597448696081	-8.064667265425082e-05
625.1178817333857	-0.0002605543685697083
624.077752146475	-8.353445166218126e-05
623.0393532244342	-2.3025207583803378e-05
622.0026820876216	7.388912458216672e-05
620.9677358611862	9.361572988679459e-05
619.934511675061	-4.1653183895627766e-05
618.9030066639544	6.298110691278345e-05
617.8732179673423	3.847471027236214e-05
616.8451427294599	-0.00018629110517851775
615.8187780992944	2.697311221288205e-05
614.7941212305768	-3.0115263211103868e-05
613.771169281774	5.9075962217436906e-05
612.7499194160806	0.00020184744166873827
689.6551724137931	nan
688.5076596477136	nan
687.3620562206792	nan
686.2183589557528	-8.151891949025221e-05
685.0765646812841	-0.000137310751352857
683.9366702308993	-0.0002254627495709039
682.7986724434935	3.2579281240425364e-06
681.6625681632214	-0.00022512969358880766
680.528354239489	-0.0001317109113251998
679.3960275269441	9.043330109724744e-05
678.2655848854682	1.4884142704655833e-05
677.137023180168	-4.9050784505615024e-05
676.0103392813658	-9.043549176825388e-05
674.8855300645913	-4.237032077173487e-05
673.7625924105738	8.514327236298368e-06
672.6415232052317	-1.0542717674827154e-05
671.5223193396656	4.904670633064819e-05
670.4049777101487	0.00017279009862705425
669.2894952181186	0.0001803059945734184
668.1758687701683	0.00020766596246372582
667.0640952780383	0.0005371447520011222
665.9541716586072	0.0009022270308221737
664.846094833884	0.0012691675330504775
663.7398617309991	0.0016271362564584983
662.6354692821953	0.002545332586586393
661.5329144248207	0.003954512085134737
660.4321941013185	0.005206445053039927
659.3333052592199	0.007554328170420193
658.2362448511346	0.00354741533434026
657.1410098347434	0.00116040327881151
656.0475971727888	0.0007220062646965175
654.9560038330669	0.0005479779336061624
653.8662267884196	0.0005708020411384142
652.7782630167251	0.00016633969816127477
651.6921095008902	0.00011668353582930185
650.607763228842	0.00022509778308261563
649.5252211935195	8.269489849550638e-06
648.4444803928648	0.00015675398141195472
647.3655378298151	1.8723358340262838e-05
646.2883905122948	1.611953576664648e-05
645.213035453206	-5.807173159557374e-05
644.1394696704219	0.00014310628059835173
643.0676901867774	0.00019330659248743468
641.9976940300605	0.00030448839858461573
640.9294782330055	0.00020951246376985658
639.8630398332834	0.00017544088416276277
638.7983758734943	0.0002237797880452177
637.7354834011591	0.00016608193298416806
636.6743594687111	-6.117713268096756e-05
635.6150011334888	-7.161616638677915e-05
634.5574054577258	2.7194126670249537e-05
633.501569508545	0.00010905546658307807
632.4474903579484	4.0878320185325706e-05
631.3951650828103	0.00012101010007640343
630.3445907648688	9.064473478367216e-05
629.2957644907177	9.386319924398574e-05
628.248683351798	-1.1030105739706483e-05
627.2033444443907	8.562318211611646e-08
626.1597448696081	-8.064667265425082e-05
625.1178817333857	-0.0002605543685697083
624.077752146475	-8.353445166218126e-05
623.0393532244342	-2.3025207583803378e-05
622.0026820876216	7.388912458216672e-05
620.9677358611862	9.361572988679459e-05
619.934511675061	-4.1653183895627766e-05
618.9030066639544	6.298110691278345e-05
617.8732179673423	3.847471027236214e-05
616.8451427294599	-0.00018629110517851775
615.8187780992944	2.697311221288205e-05
614.7941212305768	-3.0115263211103868e-05
613.771169281774	5.9075962217436906e-05
612.7499194160806	0.00020184744166873827
689.6551724137931	nan
688.5076596477136	nan
687.3620562206792	nan
686.2183589557528	-8.151891949025221e-05
685.0765646812841	-0.000137310751352857
683.9366702308993	-0.0002254627495709039
682.7986724434935	3.2579281240425364e-06
681.6625681632214	-0.00022512969358880766
680.528354239489	-0.0001317109113251998
679.3960275269441	9.043330109724744e-05
678.2655848854682	1.4884142704655833e-05
677.137023180168	-4.9050784505615024e-05
676.0103392813658	-9.043549176825388e-05
674.8855300645913	-4.237032077173487e-05
673.7625924105738	8.514327236298368e-06
672.6415232052317	-1.0542717674827154e-05
671.5223193396656	4.904670633064819e-05
670.4049777101487	0.00017279009862705425
669.2894952181186	0.0001803059945734184
668.1758687701683	0.00020766596246372582
667.0640952780383	0.0005371447520011222
665.9541716586072	0.0009022270308221737
664.846094833884	0.0012691675330504775
663.7398617309991	0.0016271362564584983
662.6354692821953	0.002545332586586393
661.5329144248207	0.003954512085134737
660.4321941013185	0.005206445053039927
659.3333052592199	0.007554328170420193
658.2362448511346	0.00354741533434026
657.1410098347434	0.00116040327881151
656.0475971727888	0.0007220062646965175
654.9560038330669	0.0005479779336061624
653.8662267884196	0.0005708020411384142
652.7782630167251	0.00016633969816127477
651.6921095008902	0.00011668353582930185
650.607763228842	0.00022509778308261563
649.5252211935195	8.269489849550638e-06
648.4444803928648	0.00015675398141195472
647.3655378298151	1.8723358340262838e-05
646.2883905122948	1.611953576664648e-05
645.213035453206	-5.807173159557374e-05
644.1394696704219	0.00014310628059835173
643.0676901867774	0.00019330659248743468
641.9976940300605	0.00030448839858461573
640.9294782330055	0.00020951246376985658
639.8630398332834	0.00017544088416276277
638.7983758734943	0.0002237797880452177
637.7354834011591	0.00016608193298416806
636.6743594687111	-6.117713268096756e-05
635.6150011334888	-7.161616638677915e-05
634.5574054577258	2.7194126670249537e-05
633.501569508545	0.00010905546658307807
632.4474903579484	4.0878320185325706e-05
631.3951650828103	0.00012101010007640343
630.3445907648688	9.064473478367216e-05
629.2957644907177	9.386319924398574e-05
628.248683351798	-1.1030105739706483e-05
627.2033444443907	8.562318211611646e-08
626.1597448696081	-8.064667265425082e-05
625.1178817333857	-0.0002605543685697083
624.077752146475	-8.353445166218126e-05
623.0393532244342	-2.3025207583803378e-05
622.0026820876216	7.388912458216672e-05
620.9677358611862	9.361572988679459e-05
619.934511675061	-4.1653183895627766e-05
618.9030066639544	6.298110691278345e-05
617.8732179673423	3.847471027236214e-05
616.8451427294599	-0.00018629110517851775
615.8187780992944	2.697311221288205e-05
614.7941212305768	-3.0115263211103868e-05
613.771169281774	5.9075962217436906e-05
612.7499194160806	0.00020184744166873827
689.6551724137931	nan
688.5076596477136	nan
687.3620562206792	nan
686.2183589557528	-8.151891949025221e-05
685.0765646812841	-0.000137310751352857
683.9366702308993	-0.0002254627495709039
682.7986724434935	3.2579281240425364e-06
681.6625681632214	-0.00022512969358880766
680.528354239489	-0.0001317109113251998
679.3960275269441	9.043330109724744e-05
678.2655848854682	1.4884142704655833e-05
677.137023180168	-4.9050784505615024e-05
676.0103392813658	-9.043549176825388e-05
674.8855300645913	-4.237032077173487e-05
673.7625924105738	8.514327236298368e-06
672.6415232052317	-1.0542717674827154e-05
671.5223193396656	4.904670633064819e-05
670.4049777101487	0.00017279009862705425
669.2894952181186	0.0001803059945734184
668.1758687701683	0.00020766596246372582
667.0640952780383	0.0005371447520011222
665.9541716586072	0.0009022270308221737
664.846094833884	0.0012691675330504775
663.7398617309991	0.0016271362564584983
662.6354692821953	0.002545332586586393
661.5329144248207	0.003954512085134737
660.4321941013185	0.005206445053039927
659.3333052592199	0.007554328170420193
658.2362448511346	0.00354741533434026
657.1410098347434	0.00116040327881151
656.0475971727888	0.0007220062646965175
654.9560038330669	0.0005479779336061624
653.8662267884196	0.0005708020411384142
652.7782630167251	0.00016633969816127477
651.6921095008902	0.00011668353582930185
650.607763228842	0.00022509778308261563
649.5252211935195	8.269489849550638e-06
648.4444803928648	0.00015675398141195472
647.3655378298151	1.8723358340262838e-05
646.2883905122948	1.611953576664648e-05
645.213035453206	-5.807173159557374e-05
644.1394696704219	0.00014310628059835173
643.0676901867774	0.00019330659248743468
641.9976940300605	0.00030448839858461573
640.9294782330055	0.00020951246376985658
639.8630398332834	0.00017544088416276277
638.7983758734943	0.0002237797880452177
637.7354834011591	0.00016608193298416806
636.6743594687111	-6.117713268096756e-05
635.6150011334888	-7.161616638677915e-05
634.5574054577258	2.7194126670249537e-05
633.501569508545	0.00010905546658307807
632.4474903579484	4.0878320185325706e-05
631.3951650828103	0.00012101010007640343
630.3445907648688	9.064473478367216e-05
629.2957644907177	9.386319924398574e-05
628.248683351798	-1.1030105739706483e-05
627.2033444443907	8.562318211611646e-08
626.1597448696081	-8.064667265425082e-05
625.1178817333857	-0.0002605543685697083
624.077752146475	-8.353445166218126e-05
623.0393532244342	-2.3025207583803378e-05
622.0026820876216	7.388912458216672e-05
620.9677358611862	9.361572988679459e-05
619.934511675061	-4.1653183895627766e-05
618.9030066639544	6.298110691278345e-05
617.8732179673423	3.847471027236214e-05
616.8451427294599	-0.00018629110517851775
615.8187780992944	2.697311221288205e-05
614.7941212305768	-3.0115263211103868e-05
613.771169281774	5.9075962217436906e-05
612.7499194160806	0.00020184744166873827
689.6551724137931	nan
688.5076596477136	nan
687.3620562206792	nan
686.2183589557528	-8.151891949025221e-05
685.0765646812841	-0.000137310751352857
683.9366702308993	-0.0002254627495709039
682.7986724434935	3.2579281240425364e-06
681.6625681632214	-0.00022512969358880766
680.528354239489	-0.0001317109113251998
679.3960275269441	9.043330109724744e-05
678.2655848854682	1.4884142704655833e-05
677.137023180168	-4.9050784505615024e-05
676.0103392813658	-9.043549176825388e-05
674.8855300645913	-4.237032077173487e-05
673.7625924105738	8.514327236298368e-06
672.6415232052317	-1.0542717674827154e-05
671.5223193396656	4.904670633064819e-05
670.4049777101487	0.00017279009862705425
669.2894952181186	0.0001803059945734184
668.1758687701683	0.00020766596246372582
667.0640952780383	0.0005371447520011222
665.9541716586072	0.0009022270308221737
664.846094833884	0.0012691675330504775
663.7398617309991	0.0016271362564584983
662.6354692821953	0.002545332586586393
661.5329144248207	0.003954512085134737
660.4321941013185	0.005206445053039927
659.3333052592199	0.007554328170420193
658.2362448511346	0.00354741533434026
657.1410098347434	0.00116040327881151
656.0475971727888	0.0007220062646965175
654.9560038330669	0.0005479779336061624
653.8662267884196	0.0005708020411384142
652.7782630167251	0.00016633969816127477
651.6921095008902	0.00011668353582930185
650.607763228842	0.00022509778308261563
649.5252211935195	8.269489849550638e-06
648.4444803928648	0.00015675398141195472
647.3655378298151	1.8723358340262838e-05
646.2883905122948	1.611953576664648e-05
645.213035453206	-5.807173159557374e-05
644.1394696704219	0.00014310628059835173
643.0676901867774	0.00019330659248743468
641.9976940300605	0.00030448839858461573
640.9294782330055	0.00020951246376985658
639.8630398332834	0.00017544088416276277
638.7983758734943	0.0002237797880452177
637.7354834011591	0.00016608193298416806
636.6743594687111	-6.117713268096756e-05
635.6150011334888	-7.161616638677915e-05
634.5574054577258	2.7194126670249537e-05
633.501569508545	0.00010905546658307807
632.4474903579484	4.0878320185325706e-05
631.3951650828103	0.00012101010007640343
630.3445907648688	9.064473478367216e-05
629.2957644907177	9.386319924398574e-05
628.248683351798	-1.1030105739706483e-05
627.2033444443907	8.562318211611646e-08
626.1597448696081	-8.064667265425082e-05
625.1178817333857	-0.0002605543685697083
624.077752146475	-8.353445166218126e-05
623.0393532244342	-2.3025207583803378e-05
622.0026820876216	7.388912458216672e-05
620.9677358611862	9.361572988679459e-05
619.934511675061	-4.1653183895627766e-05
618.9030066639544	6.298110691278345e-05
617.8732179673423	3.847471027236214e-05
616.8451427294599	-0.00018629110517851775
615.8187780992944	2.697311221288205e-05
614.7941212305768	-3.0115263211103868e-05
613.771169281774	5.9075962217436906e-05
612.7499194160806	0.00020184744166873827
689.6551724137931	nan
688.5076596477136	nan
687.3620562206792	nan
686.2183589557528	-8.151891949025221e-05
685.0765646812841	-0.000137310751352857
683.9366702308993	-0.0002254627495709039
682.7986724434935	3.2579281240425364e-06
681.6625681632214	-0.00022512969358880766
680.528354239489	-0.0001317109113251998
679.3960275269441	9.043330109724744e-05
678.2655848854682	1.4884142704655833e-05
677.137023180168	-4.9050784505615024e-05
676.0103392813658	-9.043549176825388e-05
674.8855300645913	-4.237032077173487e-05
673.7625924105738	8.514327236298368e-06
672.6415232052317	-1.0542717674827154e-05
671.5223193396656	4.904670633064819e-05
670.4049777101487	0.00017279009862705425
669.2894952181186	0.0001803059945734184
668.1758687701683	0.00020766596246372582
667.0640952780383	0.0005371447520011222
665.9541716586072	0.0009022270308221737
664.846094833884	0.0012691675330504775
663.7398617309991	0.0016271362564584983
662.6354692821953	0.002545332586586393
661.5329144248207	0.003954512085134737
660.4321941013185	0.005206445053039927
659.3333052592199	0.007554328170420193
658.2362448511346	0.00354741533434026
657.1410098347434	0.00116040327881151
656.0475971727888	0.0007220062646965175
654.9560038330669	0.0005479779336061624
653.8662267884196	0.0005708020411384142
652.7782630167251	0.00016633969816127477
651.6921095008902	0.00011668353582930185
650.607763228842	0.00022509778308261563
649.5252211935195	8.269489849550638e-06
648.4444803928648	0.00015675398141195472
647.3655378298151	1.8723358340262838e-05
646.2883905122948	1.611953576664648e-05
645.213035453206	-5.807173159557374e-05
644.1394696704219	0.00014310628059835173
643.0676901867774	0.00019330659248743468
641.9976940300605	0.00030448839858461573
640.9294782330055	0.00020951246376985658
639.8630398332834	0.00017544088416276277
638.7983758734943	0.0002237797880452177
637.7354834011591	0.00016608193298416806
636.6743594687111	-6.117713268096756e-05
635.6150011334888	-7.161616638677915e-05
634.5574054577258	2.7194126670249537e-05
633.501569508545	0.00010905546658307807
632.4474903579484	4.0878320185325706e-05
631.3951650828103	0.00012101010007640343
630.3445907648688	9.064473478367216e-05
629.2957644907177	9.386319924398574e-05
628.248683351798	-1.1030105739706483e-05
627.2033444443907	8.562318211611646e-08
626.1597448696081	-8.064667265425082e-05
625.1178817333857	-0.0002605543685697083
624.077752146475	-8.353445166218126e-05
623.0393532244342	-2.3025207583803378e-05
622.0026820876216	7.388912458216672e-05
620.9677358611862	9.361572988679459e-05
619.934511675061	-4.1653183895627766e-05
618.9030066639544	6.298110691278345e-05
617.8732179673423	3.847471027236214e-05
616.8451427294599	-0.00018629110517851775
615.8187780992944	2.697311221288205e-05
614.7941212305768	-3.0115263211103868e-05
613.771169281774	5.9075962217436906e-05
612.7499194160806	0.00020184744166873827
689.6551724137931	nan
688.5076596477136	nan
687.3620562206792	nan
686.2183589557528	-8.151891949025221e-05
685.0765646812841	-0.000137310751352857
683.9366702308993	-0.0002254627495709039
682.7986724434935	3.2579281240425364e-06
681.6625681632214	-0.00022512969358880766
680.528354239489	-0.0001317109113251998
679.3960275269441	9.043330109724744e-05
678.2655848854682	1.4884142704655833e-05
677.137023180168	-4.9050784505615024e-05
676.0103392813658	-9.043549176825388e-05
674.8855300645913	-4.237032077173487e-05
673.7625924105738	8.514327236298368e-06
672.6415232052317	-1.0542717674827154e-05
671.5223193396656	4.904670633064819e-05
670.4049777101487	0.00017279009862705425
669.2894952181186	0.0001803059945734184
668.1758687701683	0.00020766596246372582
667.0640952780383	0.0005371447520011222
665.9541716586072	0.0009022270308221737
664.846094833884	0.0012691675330504775
663.7398617309991	0.0016271362564584983
662.6354692821953	0.002545332586586393
661.5329144248207	0.003954512085134737
660.4321941013185	0.005206445053039927
659.3333052592199	0.007554328170420193
658.2362448511346	0.00354741533434026
657.1410098347434	0.00116040327881151
656.0475971727888	0.0007220062646965175
654.9560038330669	0.0005479779336061624
653.8662267884196	0.0005708020411384142
652.7782630167251	0.00016633969816127477
651.6921095008902	0.00011668353582930185
650.607763228842	0.00022509778308261563
649.5252211935195	8.269489849550638e-06
648.4444803928648	0.00015675398141195472
647.3655378298151	1.8723358340262838e-05
646.2883905122948	1.611953576664648e-05
645.213035453206	-5.807173159557374e-05
644.1394696704219	0.00014310628059835173
643.0676901867774	0.00019330659248743468
641.9976940300605	0.00030448839858461573
640.9294782330055	0.00020951246376985658
639.8630398332834	0.00017544088416276277
638.7983758734943	0.0002237797880452177
637.7354834011591	0.00016608193298416806
636.6743594687111	-6.117713268096756e-05
635.6150011334888	-7.161616638677915e-05
634.5574054577258	2.7194126670249537e-05
633.501569508545	0.00010905546658307807
632.4474903579484	4.0878320185325706e-05
631.3951650828103	0.00012101010007640343
630.3445907648688	9.064473478367216e-05
629.2957644907177	9.386319924398574e-05
628.248683351798	-1.1030105739706483e-05
627.2033444443907	8.562318211611646e-08
626.1597448696081	-8.064667265425082e-05
625.1178817333857	-0.0002605543685697083
624.077752146475	-8.353445166218126e-05
623.0393532244342	-2.3025207583803378e-05
622.0026820876216	7.388912458216672e-05
620.9677358611862	9.361572988679459e-05
619.934511675061	-4.1653183895627766e-05
618.9030066639544	6.298110691278345e-05
617.8732179673423	3.847471027236214e-05
616.8451427294599	-0.00018629110517851775
615.8187780992944	2.697311221288205e-05
614.7941212305768	-3.0115263211103868e-05
613.771169281774	5.9075962217436906e-05
612.7499194160806	0.00020184744166873827
689.6551724137931	nan
688.5076596477136	nan
687.3620562206792	nan
686.2183589557528	-8.151891949025221e-05
685.0765646812841	-0.000137310751352857
683.9366702308993	-0.0002254627495709039
682.7986724434935	3.2579281240425364e-06
681.6625681632214	-0.00022512969358880766
680.528354239489	-0.0001317109113251998
679.3960275269441	9.043330109724744e-05
678.2655848854682	1.4884142704655833e-05
677.137023180168	-4.9050784505615024e-05
676.0103392813658	-9.043549176825388e-05
674.8855300645913	-4.237032077173487e-05
673.7625924105738	8.514327236298368e-06
672.6415232052317	-1.0542717674827154e-05
671.5223193396656	4.904670633064819e-05
670.4049777101487	0.00017279009862705425
669.2894952181186	0.0001803059945734184
668.1758687701683	0.00020766596246372582
667.0640952780383	0.0005371447520011222
665.9541716586072	0.0009022270308221737
664.846094833884	0.0012691675330504775
663.7398617309991	0.0016271362564584983
662.6354692821953	0.002545332586586393
661.5329144248207	0.003954512085134737
660.4321941013185	0.005206445053039927
659.3333052592199	0.007554328170420193
658.2362448511346	0.00354741533434026
657.1410098347434	0.00116040327881151
656.0475971727888	0.0007220062646965175
654.9560038330669	0.0005479779336061624
653.8662267884196	0.0005708020411384142
652.7782630167251	0.00016633969816127477
651.6921095008902	0.00011668353582930185
650.607763228842	0.00022509778308261563
649.5252211935195	8.269489849550638e-06
648.4444803928648	0.00015675398141195472
647.3655378298151	1.8723358340262838e-05
646.2883905122948	1.611953576664648e-05
645.213035453206	-5.807173159557374e-05
644.1394696704219	0.00014310628059835173
643.0676901867774	0.00019330659248743468
641.9976940300605	0.00030448839858461573
640.9294782330055	0.00020951246376985658
639.8630398332834	0.00017544088416276277
638.7983758734943	0.0002237797880452177
637.7354834011591	0.00016608193298416806
636.6743594687111	-6.117713268096756e-05
635.6150011334888	-7.161616638677915e-05
634.5574054577258	2.7194126670249537e-05
633.501569508545	0.00010905546658307807
632.4474903579484	4.0878320185325706e-05
631.3951650828103	0.00012101010007640343
630.3445907648688	9.064473478367216e-05
629.2957644907177	9.386319924398574e-05
628.248683351798	-1.1030105739706483e-05
627.2033444443907	8.562318211611646e-08
626.1597448696081	-8.064667265425082e-05
625.1178817333857	-0.0002605543685697083
624.077752146475	-8.353445166218126e-05
623.0393532244342	-2.3025207583803378e-05
622.0026820876216	7.388912458216672e-05
620.9677358611862	9.361572988679459e-05
619.934511675061	-4.1653183895627766e-05
618.9030066639544	6.298110691278345e-05
617.8732179673423	3.847471027236214e-05
616.8451427294599	-0.00018629110517851775
615.8187780992944	2.697311221288205e-05
614.7941212305768	-3.0115263211103868e-05
613.771169281774	5.9075962217436906e-05
612.7499194160806	0.00020184744166873827
