675.6756756756756	-0.00022950042360179076
673.9906989283547	-0.00021550681238598733
672.3099241180595	3.023298052814057e-05
670.6333407661442	0.0005510247156035273
668.960938420094	0.0017118835680312427
667.2927066534603	0.0038523106989986297
665.6286350657958	0.007222603880792353
663.9687132825893	0.012648810768404887
662.3129309552013	0.021012771048086572
660.6612777607994	0.032032466255567174
659.0137434022936	0.04289843228952757
657.3703176082729	0.05092026150768134
655.7309901329405	0.05510585762883733
654.0957507560505	0.056459578072696484
652.4645892828433	0.05534340193936125
650.8374955439834	0.05256311525965358
649.2144593954946	0.04776131819113788
647.5954707186979	0.042093969051206104
645.9805194201475	0.036275279303199556
644.3695954315687	0.03058306565419101
642.7626887097941	0.026032066752527862
641.1597892367023	0.021590109639082117
639.5608870191545	0.017760254136674373
637.9659720889322	0.01488536069724485
636.3750345026755	0.01248983197028009
634.7880643418209	0.010184882467178191
633.2050517125396	0.008317825850073332
631.6259867456753	0.0071395211607687735
630.0508595966836	0.005281047279899425
628.4796604455696	0.0040791132931327035
626.9123794968276	0.0031599344131032895
625.349006979379	0.0023472455762687215
623.7895331465129	0.001722579049719803
622.2339482758233	0.0012269681981583154
620.6822426691504	0.0007225635430991711
619.1344066525191	0.00041136803533835367
617.590430576079	0.00011424874127306459
616.0503048140439	1.2234013929614262e-05
614.5140197646323	-4.119299004215135e-05
612.9815658500073	-0.0001451487780715031
689.6551724137931	nan
687.9353340785965	nan
686.219784617054	0.0014392892788641063
684.5085133337196	0.0010978304455090872
682.8015095598201	0.000786771750806404
681.0987626531871	0.00036260403209444243
679.4002619981918	0.0001452667205521993
677.7059970056775	3.9684413931991014e-05
676.0159571128953	-0.00018662229007954806
674.3301317834367	-0.00024174135366258204
672.6485105071688	-7.241941750354974e-05
670.9710828001683	0.00045212377098539057
669.2978382046567	0.0014685634140309798
667.6287662889343	0.00349969403175698
665.9638566473161	0.006592113344132848
664.303098900066	0.011765126948996382
662.6464826933326	0.01956551471201046
660.9939976990848	0.028657854887871734
659.3456336150473	0.040083893074599
657.7013801646357	0.04891536505235769
656.0612270968935	0.054517198317899626
654.4251641864274	0.05651287183100797
652.7931812333441	0.05588631520929277
651.165268063186	0.05309007569173205
649.541414526869	0.04853064430260253
647.9216105006174	0.04293381175259056
646.3058458859026	0.03707567739450917
644.6941106093791	0.03222247656883744
643.0863946228221	0.026763013135728753
641.4826879030645	0.022160981381215927
639.8829804519346	0.018805194325897324
638.2872622961941	0.015795578753804065
636.6955234874755	0.012870378896543615
635.1077541022198	0.010498031336234911
633.5239442416158	0.008734778524955506
631.9440840315369	0.007353285329416958
630.3681636224809	0.005473688357406759
628.7961731895072	0.0043856559237474115
627.2281029321766	0.0034722189621678606
625.6639430744904	0.0024720948092864375
624.1036838648284	0.001722579049719803
622.5473155758887	0.0012874828592609085
620.9948285046271	0.0008756291384311871
619.4462129721967	0.0005073398735459429
617.9014593238868	0.0001602645345127286
616.3605579290642	3.501177976967968e-05
614.8234991811114	-4.2592348135492515e-05
613.290273497368	-0.00010600157359682306
689.6551724137931	nan
687.9353340785965	nan
686.219784617054	0.0014392892788641063
684.5085133337196	0.0010978304455090872
682.8015095598201	0.000786771750806404
681.0987626531871	0.00036260403209444243
679.4002619981918	0.0001452667205521993
677.7059970056775	3.9684413931991014e-05
676.0159571128953	-0.00018662229007954806
674.3301317834367	-0.00024174135366258204
672.6485105071688	-7.241941750354974e-05
670.9710828001683	0.00045212377098539057
669.2978382046567	0.0014685634140309798
667.6287662889343	0.00349969403175698
665.9638566473161	0.006592113344132848
664.303098900066	0.011765126948996382
662.6464826933326	0.01956551471201046
660.9939976990848	0.028657854887871734
659.3456336150473	0.040083893074599
657.7013801646357	0.04891536505235769
656.0612270968935	0.054517198317899626
654.4251641864274	0.05651287183100797
652.7931812333441	0.05588631520929277
651.165268063186	0.05309007569173205
649.541414526869	0.04853064430260253
647.9216105006174	0.04293381175259056
646.3058458859026	0.03707567739450917
644.6941106093791	0.03222247656883744
643.0863946228221	0.026763013135728753
641.4826879030645	0.022160981381215927
639.8829804519346	0.018805194325897324
638.2872622961941	0.015795578753804065
636.6955234874755	0.012870378896543615
635.1077541022198	0.010498031336234911
633.5239442416158	0.008734778524955506
631.9440840315369	0.007353285329416958
630.3681636224809	0.005473688357406759
628.7961731895072	0.0043856559237474115
627.2281029321766	0.0034722189621678606
625.6639430744904	0.0024720948092864375
624.1036838648284	0.001722579049719803
622.5473155758887	0.0012874828592609085
620.9948285046271	0.0008756291384311871
619.4462129721967	0.0005073398735459429
617.9014593238868	0.0001602645345127286
616.3605579290642	3.501177976967968e-05
614.8234991811114	-4.2592348135492515e-05
613.290273497368	-0.00010600157359682306
689.6551724137931	nan
687.9353340785965	nan
686.219784617054	0.0014392892788641063
684.5085133337196	0.0010978304455090872
682.8015095598201	0.000786771750806404
681.0987626531871	0.00036260403209444243
679.4002619981918	0.0001452667205521993
677.7059970056775	3.9684413931991014e-05
676.0159571128953	-0.00018662229007954806
674.3301317834367	-0.00024174135366258204
672.6485105071688	-7.241941750354974e-05
670.9710828001683	0.00045212377098539057
669.2978382046567	0.0014685634140309798
667.6287662889343	0.00349969403175698
665.9638566473161	0.006592113344132848
664.303098900066	0.011765126948996382
662.6464826933326	0.01956551471201046
660.9939976990848	0.028657854887871734
659.3456336150473	0.040083893074599
657.7013801646357	0.04891536505235769
656.0612270968935	0.054517198317899626
654.4251641864274	0.05651287183100797
652.7931812333441	0.05588631520929277
651.165268063186	0.05309007569173205
649.541414526869	0.04853064430260253
647.9216105006174	0.04293381175259056
646.3058458859026	0.03707567739450917
644.6941106093791	0.03222247656883744
643.0863946228221	0.026763013135728753
641.4826879030645	0.022160981381215927
639.8829804519346	0.018805194325897324
638.2872622961941	0.015795578753804065
636.6955234874755	0.012870378896543615
635.1077541022198	0.010498031336234911
633.5239442416158	0.008734778524955506
631.9440840315369	0.007353285329416958
630.3681636224809	0.005473688357406759
628.7961731895072	0.0043856559237474115
627.2281029321766	0.0034722189621678606
625.6639430744904	0.0024720948092864375
624.1036838648284	0.001722579049719803
622.5473155758887	0.0012874828592609085
620.9948285046271	0.0008756291384311871
619.4462129721967	0.0005073398735459429
617.9014593238868	0.0001602645345127286
616.3605579290642	3.501177976967968e-05
614.8234991811114	-4.2592348135492515e-05
613.290273497368	-0.00010600157359682306
689.6551724137931	nan
687.9353340785965	nan
686.219784617054	0.0014392892788641063
684.5085133337196	0.0010978304455090872
682.8015095598201	0.000786771750806404
681.0987626531871	0.00036260403209444243
679.4002619981918	0.0001452667205521993
677.7059970056775	3.9684413931991014e-05
676.0159571128953	-0.00018662229007954806
674.3301317834367	-0.00024174135366258204
672.6485105071688	-7.241941750354974e-05
670.9710828001683	0.00045212377098539057
669.2978382046567	0.0014685634140309798
667.6287662889343	0.00349969403175698
665.9638566473161	0.006592113344132848
664.303098900066	0.011765126948996382
662.6464826933326	0.01956551471201046
660.9939976990848	0.028657854887871734
659.3456336150473	0.040083893074599
657.7013801646357	0.04891536505235769
656.0612270968935	0.054517198317899626
654.4251641864274	0.05651287183100797
652.7931812333441	0.05588631520929277
651.165268063186	0.05309007569173205
649.541414526869	0.04853064430260253
647.9216105006174	0.04293381175259056
646.3058458859026	0.03707567739450917
644.6941106093791	0.03222247656883744
643.0863946228221	0.026763013135728753
641.4826879030645	0.022160981381215927
639.8829804519346	0.018805194325897324
638.2872622961941	0.015795578753804065
636.6955234874755	0.012870378896543615
635.1077541022198	0.010498031336234911
633.5239442416158	0.008734778524955506
631.9440840315369	0.007353285329416958
630.3681636224809	0.005473688357406759
628.7961731895072	0.0043856559237474115
627.2281029321766	0.0034722189621678606
625.6639430744904	0.0024720948092864375
624.1036838648284	0.001722579049719803
622.5473155758887	0.0012874828592609085
620.9948285046271	0.0008756291384311871
619.4462129721967	0.0005073398735459429
617.9014593238868	0.0001602645345127286
616.3605579290642	3.501177976967968e-05
614.8234991811114	-4.2592348135492515e-05
613.290273497368	-0.00010600157359682306
689.6551724137931	nan
687.9353340785965	nan
686.219784617054	0.0013163125346829256
684.5085133337196	0.0010978304455334213
682.8015095598201	0.0007867717508248584
681.0987626531871	0.00036260403210747243
679.4002619981918	0.0001452667205602085
677.7059970056775	3.9684413935411895e-05
676.0159571128953	-0.00018662229008032977
674.3301317834367	-0.000241741353667154
672.6485105071688	-7.2419417511548e-05
670.9710828001683	0.0004521237709743549
669.2978382046567	0.0014685634140172495
667.6287662889343	0.0034996940317409183
665.9638566473161	0.006592113344114774
664.303098900066	0.01176512694897663
662.6464826933326	0.01956551471198933
660.9939976990848	0.028657854887849655
659.3456336150473	0.04008389307457609
657.7013801646357	0.0489153650523342
656.0612270968935	0.054517198317875805
654.4251641864274	0.05651287183098405
652.7931812333441	0.055886315209268955
651.165268063186	0.05309007569170854
649.541414526869	0.048530644302579494
647.9216105006174	0.04293381175256818
646.3058458859026	0.037075677394487576
644.6941106093791	0.03222247656881663
643.0863946228221	0.026763013135708964
641.4826879030645	0.02216098138119724
639.8829804519346	0.018805194325879643
638.2872622961941	0.015795578753787422
636.6955234874755	0.012870378896528208
635.1077541022198	0.010498031336220749
633.5239442416158	0.008734778524942392
631.9440840315369	0.00735328532940503
630.3681636224809	0.005473688357395954
628.7961731895072	0.004385655923737492
627.2281029321766	0.003472218962158744
625.6639430744904	0.00247209480927812
624.1036838648284	0.0017225790497121223
622.5473155758887	0.0012874828592536129
620.9948285046271	0.00087562913842411
619.4462129721967	0.0005073398735388982
617.9014593238868	0.00016026453450545188
616.3605579290642	3.5011779761871237e-05
614.8234991811114	-4.259234814403933e-05
613.290273497368	-0.00010600157360638697
689.6551724137931	nan
687.9353340785965	nan
686.219784617054	0.0014392892788641063
684.5085133337196	0.0010978304455090872
682.8015095598201	0.000786771750806404
681.0987626531871	0.00036260403209444243
679.4002619981918	0.0001452667205521993
677.7059970056775	3.9684413931991014e-05
676.0159571128953	-0.00018662229007954806
674.3301317834367	-0.00024174135366258204
672.6485105071688	-7.241941750354974e-05
670.9710828001683	0.00045212377098539057
669.2978382046567	0.0014685634140309798
667.6287662889343	0.00349969403175698
665.9638566473161	0.006592113344132848
664.303098900066	0.011765126948996382
662.6464826933326	0.01956551471201046
660.9939976990848	0.028657854887871734
659.3456336150473	0.040083893074599
657.7013801646357	0.04891536505235769
656.0612270968935	0.054517198317899626
654.4251641864274	0.05651287183100797
652.7931812333441	0.05588631520929277
651.165268063186	0.05309007569173205
649.541414526869	0.04853064430260253
647.9216105006174	0.04293381175259056
646.3058458859026	0.03707567739450917
644.6941106093791	0.03222247656883744
643.0863946228221	0.026763013135728753
641.4826879030645	0.022160981381215927
639.8829804519346	0.018805194325897324
638.2872622961941	0.015795578753804065
636.6955234874755	0.012870378896543615
635.1077541022198	0.010498031336234911
633.5239442416158	0.008734778524955506
631.9440840315369	0.007353285329416958
630.3681636224809	0.005473688357406759
628.7961731895072	0.0043856559237474115
627.2281029321766	0.0034722189621678606
625.6639430744904	0.0024720948092864375
624.1036838648284	0.001722579049719803
622.5473155758887	0.0012874828592609085
620.9948285046271	0.0008756291384311871
619.4462129721967	0.0005073398735459429
617.9014593238868	0.0001602645345127286
616.3605579290642	3.501177976967968e-05
614.8234991811114	-4.2592348135492515e-05
613.290273497368	-0.00010600157359682306
689.6551724137931	nan
687.9353340785965	nan
686.219784617054	0.0014392892788641063
684.5085133337196	0.0010978304455090872
682.8015095598201	0.000786771750806404
681.0987626531871	0.00036260403209444243
679.4002619981918	0.0001452667205521993
677.7059970056775	3.9684413931991014e-05
676.0159571128953	-0.00018662229007954806
674.3301317834367	-0.00024174135366258204
672.6485105071688	-7.241941750354974e-05
670.9710828001683	0.00045212377098539057
669.2978382046567	0.0014685634140309798
667.6287662889343	0.00349969403175698
665.9638566473161	0.006592113344132848
664.303098900066	0.011765126948996382
662.6464826933326	0.01956551471201046
660.9939976990848	0.028657854887871734
659.3456336150473	0.040083893074599
657.7013801646357	0.04891536505235769
656.0612270968935	0.054517198317899626
654.4251641864274	0.05651287183100797
652.7931812333441	0.05588631520929277
651.165268063186	0.05309007569173205
649.541414526869	0.04853064430260253
647.9216105006174	0.04293381175259056
646.3058458859026	0.03707567739450917
644.6941106093791	0.03222247656883744
643.0863946228221	0.026763013135728753
641.4826879030645	0.022160981381215927
639.8829804519346	0.018805194325897324
638.2872622961941	0.015795578753804065
636.6955234874755	0.012870378896543615
635.1077541022198	0.010498031336234911
633.5239442416158	0.008734778524955506
631.9440840315369	0.007353285329416958
630.3681636224809	0.005473688357406759
628.7961731895072	0.0043856559237474115
627.2281029321766	0.0034722189621678606
625.6639430744904	0.0024720948092864375
624.1036838648284	0.001722579049719803
622.5473155758887	0.0012874828592609085
620.9948285046271	0.0008756291384311871
619.4462129721967	0.0005073398735459429
617.9014593238868	0.0001602645345127286
616.3605579290642	3.501177976967968e-05
614.8234991811114	-4.2592348135492515e-05
613.290273497368	-0.00010600157359682306
689.6551724137931	nan
687.9353340785965	nan
686.219784617054	0.0014392892788641063
684.5085133337196	0.0010978304455090872
682.8015095598201	0.000786771750806404
681.0987626531871	0.00036260403209444243
679.4002619981918	0.0001452667205521993
677.7059970056775	3.9684413931991014e-05
676.0159571128953	-0.00018662229007954806
674.3301317834367	-0.00024174135366258204
672.6485105071688	-7.241941750354974e-05
670.9710828001683	0.00045212377098539057
669.2978382046567	0.0014685634140309798
667.6287662889343	0.00349969403175698
665.9638566473161	0.006592113344132848
664.303098900066	0.011765126948996382
662.6464826933326	0.01956551471201046
660.9939976990848	0.028657854887871734
659.3456336150473	0.040083893074599
657.7013801646357	0.04891536505235769
656.0612270968935	0.054517198317899626
654.4251641864274	0.05651287183100797
652.7931812333441	0.05588631520929277
651.165268063186	0.05309007569173205
649.541414526869	0.04853064430260253
647.9216105006174	0.04293381175259056
646.3058458859026	0.03707567739450917
644.6941106093791	0.03222247656883744
643.0863946228221	0.026763013135728753
641.4826879030645	0.022160981381215927
639.8829804519346	0.018805194325897324
638.2872622961941	0.015795578753804065
636.6955234874755	0.012870378896543615
635.1077541022198	0.010498031336234911
633.5239442416158	0.008734778524955506
631.9440840315369	0.007353285329416958
630.3681636224809	0.005473688357406759
628.7961731895072	0.0043856559237474115
627.2281029321766	0.0034722189621678606
625.6639430744904	0.0024720948092864375
624.1036838648284	0.001722579049719803
622.5473155758887	0.0012874828592609085
620.9948285046271	0.0008756291384311871
619.4462129721967	0.0005073398735459429
617.9014593238868	0.0001602645345127286
616.3605579290642	3.501177976967968e-05
614.8234991811114	-4.2592348135492515e-05
613.290273497368	-0.00010600157359682306
689.6551724137931	nan
687.9353340785965	nan
686.219784617054	0.0014392892788641063
684.5085133337196	0.0010978304455090872
682.8015095598201	0.000786771750806404
681.0987626531871	0.00036260403209444243
679.4002619981918	0.0001452667205521993
677.7059970056775	3.9684413931991014e-05
676.0159571128953	-0.00018662229007954806
674.3301317834367	-0.00024174135366258204
672.6485105071688	-7.241941750354974e-05
670.9710828001683	0.00045212377098539057
669.2978382046567	0.0014685634140309798
667.6287662889343	0.00349969403175698
665.9638566473161	0.006592113344132848
664.303098900066	0.011765126948996382
662.6464826933326	0.01956551471201046
660.9939976990848	0.028657854887871734
659.3456336150473	0.040083893074599
657.7013801646357	0.04891536505235769
656.0612270968935	0.054517198317899626
654.4251641864274	0.05651287183100797
652.7931812333441	0.05588631520929277
651.165268063186	0.05309007569173205
649.541414526869	0.04853064430260253
647.9216105006174	0.04293381175259056
646.3058458859026	0.03707567739450917
644.6941106093791	0.03222247656883744
643.0863946228221	0.026763013135728753
641.4826879030645	0.022160981381215927
639.8829804519346	0.018805194325897324
638.2872622961941	0.015795578753804065
636.6955234874755	0.012870378896543615
635.1077541022198	0.010498031336234911
633.5239442416158	0.008734778524955506
631.9440840315369	0.007353285329416958
630.3681636224809	0.005473688357406759
628.7961731895072	0.0043856559237474115
627.2281029321766	0.0034722189621678606
625.6639430744904	0.0024720948092864375
624.1036838648284	0.001722579049719803
622.5473155758887	0.0012874828592609085
620.9948285046271	0.0008756291384311871
619.4462129721967	0.0005073398735459429
617.9014593238868	0.0001602645345127286
616.3605579290642	3.501177976967968e-05
614.8234991811114	-4.2592348135492515e-05
613.290273497368	-0.00010600157359682306
689.6551724137931	nan
687.9353340785965	nan
686.219784617054	0.0014392892788641063
684.5085133337196	0.0010978304455090872
682.8015095598201	0.000786771750806404
681.0987626531871	0.00036260403209444243
679.4002619981918	0.0001452667205521993
677.7059970056775	3.9684413931991014e-05
676.0159571128953	-0.00018662229007954806
674.3301317834367	-0.00024174135366258204
672.6485105071688	-7.241941750354974e-05
670.9710828001683	0.00045212377098539057
669.2978382046567	0.0014685634140309798
667.6287662889343	0.00349969403175698
665.9638566473161	0.006592113344132848
664.303098900066	0.011765126948996382
662.6464826933326	0.01956551471201046
660.9939976990848	0.028657854887871734
659.3456336150473	0.040083893074599
657.7013801646357	0.04891536505235769
656.0612270968935	0.054517198317899626
654.4251641864274	0.05651287183100797
652.7931812333441	0.05588631520929277
651.165268063186	0.05309007569173205
649.541414526869	0.04853064430260253
647.9216105006174	0.04293381175259056
646.3058458859026	0.03707567739450917
644.6941106093791	0.03222247656883744
643.0863946228221	0.026763013135728753
641.4826879030645	0.022160981381215927
639.8829804519346	0.018805194325897324
638.2872622961941	0.015795578753804065
636.6955234874755	0.012870378896543615
635.1077541022198	0.010498031336234911
633.5239442416158	0.008734778524955506
631.9440840315369	0.007353285329416958
630.3681636224809	0.005473688357406759
628.7961731895072	0.0043856559237474115
627.2281029321766	0.0034722189621678606
625.6639430744904	0.0024720948092864375
624.1036838648284	0.001722579049719803
622.5473155758887	0.0012874828592609085
620.9948285046271	0.0008756291384311871
619.4462129721967	0.0005073398735459429
617.9014593238868	0.0001602645345127286
616.3605579290642	3.501177976967968e-05
614.8234991811114	-4.2592348135492515e-05
613.290273497368	-0.00010600157359682306
689.6551724137931	nan
687.9353340785965	nan
686.219784617054	0.0014392892788641063
684.5085133337196	0.0010978304455090872
682.8015095598201	0.000786771750806404
681.0987626531871	0.00036260403209444243
679.4002619981918	0.0001452667205521993
677.7059970056775	3.9684413931991014e-05
676.0159571128953	-0.00018662229007954806
674.3301317834367	-0.00024174135366258204
672.6485105071688	-7.241941750354974e-05
670.9710828001683	0.00045212377098539057
669.2978382046567	0.0014685634140309798
667.6287662889343	0.00349969403175698
665.9638566473161	0.006592113344132848
664.303098900066	0.011765126948996382
662.6464826933326	0.01956551471201046
660.9939976990848	0.028657854887871734
659.3456336150473	0.040083893074599
657.7013801646357	0.04891536505235769
656.0612270968935	0.054517198317899626
654.4251641864274	0.05651287183100797
652.7931812333441	0.05588631520929277
651.165268063186	0.05309007569173205
649.541414526869	0.04853064430260253
647.9216105006174	0.04293381175259056
646.3058458859026	0.03707567739450917
644.6941106093791	0.03222247656883744
643.0863946228221	0.026763013135728753
641.4826879030645	0.022160981381215927
639.8829804519346	0.018805194325897324
638.2872622961941	0.015795578753804065
636.6955234874755	0.012870378896543615
635.1077541022198	0.010498031336234911
633.5239442416158	0.008734778524955506
631.9440840315369	0.007353285329416958
630.3681636224809	0.005473688357406759
628.7961731895072	0.0043856559237474115
627.2281029321766	0.0034722189621678606
625.6639430744904	0.0024720948092864375
624.1036838648284	0.001722579049719803
622.5473155758887	0.0012874828592609085
620.9948285046271	0.0008756291384311871
619.4462129721967	0.0005073398735459429
617.9014593238868	0.0001602645345127286
616.3605579290642	3.501177976967968e-05
614.8234991811114	-4.2592348135492515e-05
613.290273497368	-0.00010600157359682306
689.6551724137931	nan
687.9353340785965	nan
686.219784617054	0.0014392892788641063
684.5085133337196	0.0010978304455090872
682.8015095598201	0.000786771750806404
681.0987626531871	0.00036260403209444243
679.4002619981918	0.0001452667205521993
677.7059970056775	3.9684413931991014e-05
676.0159571128953	-0.00018662229007954806
674.3301317834367	-0.00024174135366258204
672.6485105071688	-7.241941750354974e-05
670.9710828001683	0.00045212377098539057
669.2978382046567	0.0014685634140309798
667.6287662889343	0.00349969403175698
665.9638566473161	0.006592113344132848
664.303098900066	0.011765126948996382
662.6464826933326	0.01956551471201046
660.9939976990848	0.028657854887871734
659.3456336150473	0.040083893074599
657.7013801646357	0.04891536505235769
656.0612270968935	0.054517198317899626
654.4251641864274	0.05651287183100797
652.7931812333441	0.05588631520929277
651.165268063186	0.05309007569173205
649.541414526869	0.04853064430260253
647.9216105006174	0.04293381175259056
646.3058458859026	0.03707567739450917
644.6941106093791	0.03222247656883744
643.0863946228221	0.026763013135728753
641.4826879030645	0.022160981381215927
639.8829804519346	0.018805194325897324
638.2872622961941	0.015795578753804065
636.6955234874755	0.012870378896543615
635.1077541022198	0.010498031336234911
633.5239442416158	0.008734778524955506
631.9440840315369	0.007353285329416958
630.3681636224809	0.005473688357406759
628.7961731895072	0.0043856559237474115
627.2281029321766	0.0034722189621678606
625.6639430744904	0.0024720948092864375
624.1036838648284	0.001722579049719803
622.5473155758887	0.0012874828592609085
620.9948285046271	0.0008756291384311871
619.4462129721967	0.0005073398735459429
617.9014593238868	0.0001602645345127286
616.3605579290642	3.501177976967968e-05
614.8234991811114	-4.2592348135492515e-05
613.290273497368	-0.00010600157359682306
689.6551724137931	nan
687.9353340785965	nan
686.219784617054	0.0014392892788641063
684.5085133337196	0.0010978304455090872
682.8015095598201	0.000786771750806404
681.0987626531871	0.00036260403209444243
679.4002619981918	0.0001452667205521993
677.7059970056775	3.9684413931991014e-05
676.0159571128953	-0.00018662229007954806
674.3301317834367	-0.00024174135366258204
672.6485105071688	-7.241941750354974e-05
670.9710828001683	0.00045212377098539057
669.2978382046567	0.0014685634140309798
667.6287662889343	0.00349969403175698
665.9638566473161	0.006592113344132848
664.303098900066	0.011765126948996382
662.6464826933326	0.01956551471201046
660.9939976990848	0.028657854887871734
659.3456336150473	0.040083893074599
657.7013801646357	0.04891536505235769
656.0612270968935	0.054517198317899626
654.4251641864274	0.05651287183100797
652.7931812333441	0.05588631520929277
651.165268063186	0.05309007569173205
649.541414526869	0.04853064430260253
647.9216105006174	0.04293381175259056
646.3058458859026	0.03707567739450917
644.6941106093791	0.03222247656883744
643.0863946228221	0.026763013135728753
641.4826879030645	0.022160981381215927
639.8829804519346	0.018805194325897324
638.2872622961941	0.015795578753804065
636.6955234874755	0.012870378896543615
635.1077541022198	0.010498031336234911
633.5239442416158	0.008734778524955506
631.9440840315369	0.007353285329416958
630.3681636224809	0.005473688357406759
628.7961731895072	0.0043856559237474115
627.2281029321766	0.0034722189621678606
625.6639430744904	0.0024720948092864375
624.1036838648284	0.001722579049719803
622.5473155758887	0.0012874828592609085
620.9948285046271	0.0008756291384311871
619.4462129721967	0.0005073398735459429
617.9014593238868	0.0001602645345127286
616.3605579290642	3.501177976967968e-05
614.8234991811114	-4.2592348135492515e-05
613.290273497368	-0.00010600157359682306
689.6551724137931	nan
687.9353340785965	nan
686.219784617054	0.0014392892788641063
684.5085133337196	0.0010978304455090872
682.8015095598201	0.000786771750806404
681.0987626531871	0.00036260403209444243
679.4002619981918	0.0001452667205521993
677.7059970056775	3.9684413931991014e-05
676.0159571128953	-0.00018662229007954806
674.3301317834367	-0.00024174135366258204
672.6485105071688	-7.241941750354974e-05
670.9710828001683	0.00045212377098539057
669.2978382046567	0.0014685634140309798
667.6287662889343	0.00349969403175698
665.9638566473161	0.006592113344132848
664.303098900066	0.011765126948996382
662.6464826933326	0.01956551471201046
660.9939976990848	0.028657854887871734
659.3456336150473	0.040083893074599
657.7013801646357	0.04891536505235769
656.0612270968935	0.054517198317899626
654.4251641864274	0.05651287183100797
652.7931812333441	0.05588631520929277
651.165268063186	0.05309007569173205
649.541414526869	0.04853064430260253
647.9216105006174	0.04293381175259056
646.3058458859026	0.03707567739450917
644.6941106093791	0.03222247656883744
643.0863946228221	0.026763013135728753
641.4826879030645	0.022160981381215927
639.8829804519346	0.018805194325897324
638.2872622961941	0.015795578753804065
636.6955234874755	0.012870378896543615
635.1077541022198	0.010498031336234911
633.5239442416158	0.008734778524955506
631.9440840315369	0.007353285329416958
630.3681636224809	0.005473688357406759
628.7961731895072	0.0043856559237474115
627.2281029321766	0.0034722189621678606
625.6639430744904	0.0024720948092864375
624.1036838648284	0.001722579049719803
622.5473155758887	0.0012874828592609085
620.9948285046271	0.0008756291384311871
619.4462129721967	0.0005073398735459429
617.9014593238868	0.0001602645345127286
616.3605579290642	3.501177976967968e-05
614.8234991811114	-4.2592348135492515e-05
613.290273497368	-0.00010600157359682306
689.6551724137931	nan
687.9353340785965	nan
686.219784617054	0.0014392892788641063
684.5085133337196	0.0010978304455090872
682.8015095598201	0.000786771750806404
681.0987626531871	0.00036260403209444243
679.4002619981918	0.0001452667205521993
677.7059970056775	3.9684413931991014e-05
676.0159571128953	-0.00018662229007954806
674.3301317834367	-0.00024174135366258204
672.6485105071688	-7.241941750354974e-05
670.9710828001683	0.00045212377098539057
669.2978382046567	0.0014685634140309798
667.6287662889343	0.00349969403175698
665.9638566473161	0.006592113344132848
664.303098900066	0.011765126948996382
662.6464826933326	0.01956551471201046
660.9939976990848	0.028657854887871734
659.3456336150473	0.040083893074599
657.7013801646357	0.04891536505235769
656.0612270968935	0.054517198317899626
654.4251641864274	0.05651287183100797
652.7931812333441	0.05588631520929277
651.165268063186	0.05309007569173205
649.541414526869	0.04853064430260253
647.9216105006174	0.04293381175259056
646.3058458859026	0.03707567739450917
644.6941106093791	0.03222247656883744
643.0863946228221	0.026763013135728753
641.4826879030645	0.022160981381215927
639.8829804519346	0.018805194325897324
638.2872622961941	0.015795578753804065
636.6955234874755	0.012870378896543615
635.1077541022198	0.010498031336234911
633.5239442416158	0.008734778524955506
631.9440840315369	0.007353285329416958
630.3681636224809	0.005473688357406759
628.7961731895072	0.0043856559237474115
627.2281029321766	0.0034722189621678606
625.6639430744904	0.0024720948092864375
624.1036838648284	0.001722579049719803
622.5473155758887	0.0012874828592609085
620.9948285046271	0.0008756291384311871
619.4462129721967	0.0005073398735459429
617.9014593238868	0.0001602645345127286
616.3605579290642	3.501177976967968e-05
614.8234991811114	-4.2592348135492515e-05
613.290273497368	-0.00010600157359682306
689.6551724137931	nan
687.9353340785965	nan
686.219784617054	0.0014392892788641063
684.5085133337196	0.0010978304455090872
682.8015095598201	0.000786771750806404
681.0987626531871	0.00036260403209444243
679.4002619981918	0.0001452667205521993
677.7059970056775	3.9684413931991014e-05
676.0159571128953	-0.00018662229007954806
674.3301317834367	-0.00024174135366258204
672.6485105071688	-7.241941750354974e-05
670.9710828001683	0.00045212377098539057
669.2978382046567	0.0014685634140309798
667.6287662889343	0.00349969403175698
665.9638566473161	0.006592113344132848
664.303098900066	0.011765126948996382
662.6464826933326	0.01956551471201046
660.9939976990848	0.028657854887871734
659.3456336150473	0.040083893074599
657.7013801646357	0.04891536505235769
656.0612270968935	0.054517198317899626
654.4251641864274	0.05651287183100797
652.7931812333441	0.05588631520929277
651.165268063186	0.05309007569173205
649.541414526869	0.04853064430260253
647.9216105006174	0.04293381175259056
646.3058458859026	0.03707567739450917
644.6941106093791	0.03222247656883744
643.0863946228221	0.026763013135728753
641.4826879030645	0.022160981381215927
639.8829804519346	0.018805194325897324
638.2872622961941	0.015795578753804065
636.6955234874755	0.012870378896543615
635.1077541022198	0.010498031336234911
633.5239442416158	0.008734778524955506
631.9440840315369	0.007353285329416958
630.3681636224809	0.005473688357406759
628.7961731895072	0.0043856559237474115
627.2281029321766	0.0034722189621678606
625.6639430744904	0.0024720948092864375
624.1036838648284	0.001722579049719803
622.5473155758887	0.0012874828592609085
620.9948285046271	0.0008756291384311871
619.4462129721967	0.0005073398735459429
617.9014593238868	0.0001602645345127286
616.3605579290642	3.501177976967968e-05
614.8234991811114	-4.2592348135492515e-05
613.290273497368	-0.00010600157359682306
689.6551724137931	nan
687.9353340785965	nan
686.219784617054	0.0014392892788641063
684.5085133337196	0.0010978304455090872
682.8015095598201	0.000786771750806404
681.0987626531871	0.00036260403209444243
679.4002619981918	0.0001452667205521993
677.7059970056775	3.9684413931991014e-05
676.0159571128953	-0.00018662229007954806
674.3301317834367	-0.00024174135366258204
672.6485105071688	-7.241941750354974e-05
670.9710828001683	0.00045212377098539057
669.2978382046567	0.0014685634140309798
667.6287662889343	0.00349969403175698
665.9638566473161	0.006592113344132848
664.303098900066	0.011765126948996382
662.6464826933326	0.01956551471201046
660.9939976990848	0.028657854887871734
659.3456336150473	0.040083893074599
657.7013801646357	0.04891536505235769
656.0612270968935	0.054517198317899626
654.4251641864274	0.05651287183100797
652.7931812333441	0.05588631520929277
651.165268063186	0.05309007569173205
649.541414526869	0.04853064430260253
647.9216105006174	0.04293381175259056
646.3058458859026	0.03707567739450917
644.6941106093791	0.03222247656883744
643.0863946228221	0.026763013135728753
641.4826879030645	0.022160981381215927
639.8829804519346	0.018805194325897324
638.2872622961941	0.015795578753804065
636.6955234874755	0.012870378896543615
635.1077541022198	0.010498031336234911
633.5239442416158	0.008734778524955506
631.9440840315369	0.007353285329416958
630.3681636224809	0.005473688357406759
628.7961731895072	0.0043856559237474115
627.2281029321766	0.0034722189621678606
625.6639430744904	0.0024720948092864375
624.1036838648284	0.001722579049719803
622.5473155758887	0.0012874828592609085
620.9948285046271	0.0008756291384311871
619.4462129721967	0.0005073398735459429
617.9014593238868	0.0001602645345127286
616.3605579290642	3.501177976967968e-05
614.8234991811114	-4.2592348135492515e-05
613.290273497368	-0.00010600157359682306
689.6551724137931	nan
687.9353340785965	nan
686.219784617054	0.0014392892788641063
684.5085133337196	0.0010978304455090872
682.8015095598201	0.000786771750806404
681.0987626531871	0.00036260403209444243
679.4002619981918	0.0001452667205521993
677.7059970056775	3.9684413931991014e-05
676.0159571128953	-0.00018662229007954806
674.3301317834367	-0.00024174135366258204
672.6485105071688	-7.241941750354974e-05
670.9710828001683	0.00045212377098539057
669.2978382046567	0.0014685634140309798
667.6287662889343	0.00349969403175698
665.9638566473161	0.006592113344132848
664.303098900066	0.011765126948996382
662.6464826933326	0.01956551471201046
660.9939976990848	0.028657854887871734
659.3456336150473	0.040083893074599
657.7013801646357	0.04891536505235769
656.0612270968935	0.054517198317899626
654.4251641864274	0.05651287183100797
652.7931812333441	0.05588631520929277
651.165268063186	0.05309007569173205
649.541414526869	0.04853064430260253
647.9216105006174	0.04293381175259056
646.3058458859026	0.03707567739450917
644.6941106093791	0.03222247656883744
643.0863946228221	0.026763013135728753
641.4826879030645	0.022160981381215927
639.8829804519346	0.018805194325897324
638.2872622961941	0.015795578753804065
636.6955234874755	0.012870378896543615
635.1077541022198	0.010498031336234911
633.5239442416158	0.008734778524955506
631.9440840315369	0.007353285329416958
630.3681636224809	0.005473688357406759
628.7961731895072	0.0043856559237474115
627.2281029321766	0.0034722189621678606
625.6639430744904	0.0024720948092864375
624.1036838648284	0.001722579049719803
622.5473155758887	0.0012874828592609085
620.9948285046271	0.0008756291384311871
619.4462129721967	0.0005073398735459429
617.9014593238868	0.0001602645345127286
616.3605579290642	3.501177976967968e-05
614.8234991811114	-4.2592348135492515e-05
613.290273497368	-0.00010600157359682306
689.6551724137931	nan
687.9353340785965	nan
686.219784617054	0.0014392892788641063
684.5085133337196	0.0010978304455090872
682.8015095598201	0.000786771750806404
681.0987626531871	0.00036260403209444243
679.4002619981918	0.0001452667205521993
677.7059970056775	3.9684413931991014e-05
676.0159571128953	-0.00018662229007954806
674.3301317834367	-0.00024174135366258204
672.6485105071688	-7.241941750354974e-05
670.9710828001683	0.00045212377098539057
669.2978382046567	0.0014685634140309798
667.6287662889343	0.00349969403175698
665.9638566473161	0.006592113344132848
664.303098900066	0.011765126948996382
662.6464826933326	0.01956551471201046
660.9939976990848	0.028657854887871734
659.3456336150473	0.040083893074599
657.7013801646357	0.04891536505235769
656.0612270968935	0.054517198317899626
654.4251641864274	0.05651287183100797
652.7931812333441	0.05588631520929277
651.165268063186	0.05309007569173205
649.541414526869	0.04853064430260253
647.9216105006174	0.04293381175259056
646.3058458859026	0.03707567739450917
644.6941106093791	0.03222247656883744
643.0863946228221	0.026763013135728753
641.4826879030645	0.022160981381215927
639.8829804519346	0.018805194325897324
638.2872622961941	0.015795578753804065
636.6955234874755	0.012870378896543615
635.1077541022198	0.010498031336234911
633.5239442416158	0.008734778524955506
631.9440840315369	0.007353285329416958
630.3681636224809	0.005473688357406759
628.7961731895072	0.0043856559237474115
627.2281029321766	0.0034722189621678606
625.6639430744904	0.0024720948092864375
624.1036838648284	0.001722579049719803
622.5473155758887	0.0012874828592609085
620.9948285046271	0.0008756291384311871
619.4462129721967	0.0005073398735459429
617.9014593238868	0.0001602645345127286
616.3605579290642	3.501177976967968e-05
614.8234991811114	-4.2592348135492515e-05
613.290273497368	-0.00010600157359682306
689.6551724137931	nan
687.9353340785965	nan
686.219784617054	0.0014392892788641063
684.5085133337196	0.0010978304455090872
682.8015095598201	0.000786771750806404
681.0987626531871	0.00036260403209444243
679.4002619981918	0.0001452667205521993
677.7059970056775	3.9684413931991014e-05
676.0159571128953	-0.00018662229007954806
674.3301317834367	-0.00024174135366258204
672.6485105071688	-7.241941750354974e-05
670.9710828001683	0.00045212377098539057
669.2978382046567	0.0014685634140309798
667.6287662889343	0.00349969403175698
665.9638566473161	0.006592113344132848
664.303098900066	0.011765126948996382
662.6464826933326	0.01956551471201046
660.9939976990848	0.028657854887871734
659.3456336150473	0.040083893074599
657.7013801646357	0.04891536505235769
656.0612270968935	0.054517198317899626
654.4251641864274	0.05651287183100797
652.7931812333441	0.05588631520929277
651.165268063186	0.05309007569173205
649.541414526869	0.04853064430260253
647.9216105006174	0.04293381175259056
646.3058458859026	0.03707567739450917
644.6941106093791	0.03222247656883744
643.0863946228221	0.026763013135728753
641.4826879030645	0.022160981381215927
639.8829804519346	0.018805194325897324
638.2872622961941	0.015795578753804065
636.6955234874755	0.012870378896543615
635.1077541022198	0.010498031336234911
633.5239442416158	0.008734778524955506
631.9440840315369	0.007353285329416958
630.3681636224809	0.005473688357406759
628.7961731895072	0.0043856559237474115
627.2281029321766	0.0034722189621678606
625.6639430744904	0.0024720948092864375
624.1036838648284	0.001722579049719803
622.5473155758887	0.0012874828592609085
620.9948285046271	0.0008756291384311871
619.4462129721967	0.0005073398735459429
617.9014593238868	0.0001602645345127286
616.3605579290642	3.501177976967968e-05
614.8234991811114	-4.2592348135492515e-05
613.290273497368	-0.00010600157359682306
689.6551724137931	nan
687.9353340785965	nan
686.219784617054	0.0014392892788641063
684.5085133337196	0.0010978304455090872
682.8015095598201	0.000786771750806404
681.0987626531871	0.00036260403209444243
679.4002619981918	0.0001452667205521993
677.7059970056775	3.9684413931991014e-05
676.0159571128953	-0.00018662229007954806
674.3301317834367	-0.00024174135366258204
672.6485105071688	-7.241941750354974e-05
670.9710828001683	0.00045212377098539057
669.2978382046567	0.0014685634140309798
667.6287662889343	0.00349969403175698
665.9638566473161	0.006592113344132848
664.303098900066	0.011765126948996382
662.6464826933326	0.01956551471201046
660.9939976990848	0.028657854887871734
659.3456336150473	0.040083893074599
657.7013801646357	0.04891536505235769
656.0612270968935	0.054517198317899626
654.4251641864274	0.05651287183100797
652.7931812333441	0.05588631520929277
651.165268063186	0.05309007569173205
649.541414526869	0.04853064430260253
647.9216105006174	0.04293381175259056
646.3058458859026	0.03707567739450917
644.6941106093791	0.03222247656883744
643.0863946228221	0.026763013135728753
641.4826879030645	0.022160981381215927
639.8829804519346	0.018805194325897324
638.2872622961941	0.015795578753804065
636.6955234874755	0.012870378896543615
635.1077541022198	0.010498031336234911
633.5239442416158	0.008734778524955506
631.9440840315369	0.007353285329416958
630.3681636224809	0.005473688357406759
628.7961731895072	0.0043856559237474115
627.2281029321766	0.0034722189621678606
625.6639430744904	0.0024720948092864375
624.1036838648284	0.001722579049719803
622.5473155758887	0.0012874828592609085
620.9948285046271	0.0008756291384311871
619.4462129721967	0.0005073398735459429
617.9014593238868	0.0001602645345127286
616.3605579290642	3.501177976967968e-05
614.8234991811114	-4.2592348135492515e-05
613.290273497368	-0.00010600157359682306
