675.6756756756756	-0.00024952603179595467
674.5514233035032	-0.00032088881999114044
673.4290415675573	-0.00040104894380045206
672.3085273552983	-0.0001384137417761895
671.1898775593661	0.0006274941231924208
670.0730890775702	0.0017053034665539535
668.9581588128821	0.0029187860034781445
667.8450836734263	0.005053842010969691
666.7338605724722	0.00794738535367609
665.624486428425	0.010698775613810472
664.516958164817	0.015028586309600668
663.4112727102997	0.020392548777871652
662.3074269986354	0.025354540644149236
661.2054179686876	0.030837107737965407
660.1052425644137	0.037770633679107816
659.0068977348556	0.04396866407714907
657.910380434132	0.047958399616631245
656.8156876214297	0.05133162914878509
655.7228162609947	0.05307728079775532
654.6317633221245	0.05327657577321538
653.5425257791593	0.052715297330232426
652.4551006114734	0.051275019113068164
651.3694848034676	0.04915183016579231
650.28567534456	0.047041174180283085
649.2036692291782	0.04464967575728903
648.1234634567502	0.04130651969334334
647.0450550316974	0.03773988773313857
645.968440963425	0.03484232338261678
644.8936182663145	0.03208999717637131
643.820583959715	0.029287584559542848
642.749335067935	0.025954930156742505
641.6798686202346	0.022934359524200417
640.6121816508166	0.020710027696214946
639.5462711988185	0.01864077220457342
638.4821343083047	0.016333180772529078
637.4197680282575	0.014215149913845707
636.35916941257	0.01265445876537109
635.3003355200367	0.011239252061594943
634.2432634143461	0.009966150241470899
633.1879501640726	0.008898451516870017
632.1343928426681	0.008061771348123296
631.082588528454	0.006664701056419042
630.0325343046131	0.005629211649111059
628.9842272591811	0.004884455615477387
627.9376644850395	0.004218877057728668
626.8928430799064	0.003385790861152397
625.8497601463291	0.002690043669250408
624.8084127916762	0.0022496648097441486
623.7687981281293	0.001822388119020163
622.7309132726749	0.0014235536812456373
621.6947553470964	0.001130096435236894
620.6603214779665	0.0008582182694552246
619.6276087966387	0.0005080194228491673
618.5966144392399	0.0002509044414655097
617.5673355466622	0.00015114572715313468
616.5397692645546	3.2563298740840435e-05
615.5139127433158	-5.698143827013828e-05
614.4897631380857	-7.63799336677036e-05
613.4673176087377	-0.00015222272263661074
689.6551724137931	nan
688.5076596477136	nan
687.3620562206792	nan
686.2183589557528	0.0016198125956811901
685.0765646812841	0.0013441743823331305
683.9366702308993	0.0011186090432547327
682.7986724434935	0.0008846159849327748
681.6625681632214	0.0006555103814090343
680.528354239489	0.0004504858084859037
679.3960275269441	0.00022007686572909682
678.2655848854682	3.130615669941564e-05
677.137023180168	-0.00011829944250128788
676.0103392813658	-0.0002366718567582346
674.8855300645913	-0.00029186640926253185
673.7625924105738	-0.0003988351166195857
672.6415232052317	-0.00022006292645415648
671.5223193396656	0.0004400751258036087
670.4049777101487	0.0012242228022739284
669.2894952181186	0.0026006884844954614
668.1758687701683	0.004535997319825246
667.0640952780383	0.006695267680684753
665.9541716586072	0.009997105988954065
664.846094833884	0.014033682687134577
663.7398617309991	0.01812043692288105
662.6354692821953	0.022802374333501005
661.5329144248207	0.029447055120580445
660.4321941013185	0.036447763259163976
659.3333052592199	0.04163278701029674
658.2362448511346	0.047001642628654215
657.1410098347434	0.05084527971889925
656.0475971727888	0.05260671016060341
654.9560038330669	0.05329087363793846
653.8662267884196	0.05288248940462643
652.7782630167251	0.05164138362505292
651.6921095008902	0.05009460277000784
650.607763228842	0.048128528551291155
649.5252211935195	0.0452604625510765
648.4444803928648	0.04199957091848537
647.3655378298151	0.03919882074784569
646.2883905122948	0.03627334300226942
645.213035453206	0.03277350210902746
644.1394696704219	0.029287584559542848
643.0676901867774	0.02657997595825157
641.9976940300605	0.024107988590682645
640.9294782330055	0.021802342366424976
639.8630398332834	0.019151498496495566
638.7983758734943	0.016770073232403867
637.7354834011591	0.015039277500590073
636.6743594687111	0.013421112388490822
635.6150011334888	0.011923093420570435
634.5574054577258	0.010280817066014039
633.501569508545	0.008898451516870017
632.4474903579484	0.008274664334057106
631.3951650828103	0.007311246255552826
630.3445907648688	0.006086298160975209
629.2957644907177	0.005065877728404861
628.248683351798	0.004218877057728668
627.2033444443907	0.003550250388589464
626.1597448696081	0.00292864722265037
625.1178817333857	0.0024700007367841267
624.077752146475	0.002032490097851683
623.0393532244342	0.0015219654167422058
622.0026820876216	0.001130096435236894
620.9677358611862	0.0008582182694552246
619.934511675061	0.0005665057324499099
618.9030066639544	0.0003399278902916289
617.8732179673423	0.00019154008117259688
616.8451427294599	0.00010108111613175985
615.8187780992944	-2.8493524403398404e-05
614.7941212305768	-7.152004396473548e-05
613.771169281774	-0.00015222272263661074
612.7499194160806	-0.0002379102687936393
689.6551724137931	nan
688.5076596477136	nan
687.3620562206792	nan
686.2183589557528	0.0016198125956811901
685.0765646812841	0.0013441743823331305
683.9366702308993	0.0011186090432547327
682.7986724434935	0.0008846159849327748
681.6625681632214	0.0006555103814090343
680.528354239489	0.0004504858084859037
679.3960275269441	0.00022007686572909682
678.2655848854682	3.130615669941564e-05
677.137023180168	-0.00011829944250128788
676.0103392813658	-0.0002366718567582346
674.8855300645913	-0.00029186640926253185
673.7625924105738	-0.0003988351166195857
672.6415232052317	-0.00022006292645415648
671.5223193396656	0.0004400751258036087
670.4049777101487	0.0012242228022739284
669.2894952181186	0.0026006884844954614
668.1758687701683	0.004535997319825246
667.0640952780383	0.006695267680684753
665.9541716586072	0.009997105988954065
664.846094833884	0.014033682687134577
663.7398617309991	0.01812043692288105
662.6354692821953	0.022802374333501005
661.5329144248207	0.029447055120580445
660.4321941013185	0.036447763259163976
659.3333052592199	0.04163278701029674
658.2362448511346	0.047001642628654215
657.1410098347434	0.05084527971889925
656.0475971727888	0.05260671016060341
654.9560038330669	0.05329087363793846
653.8662267884196	0.05288248940462643
652.7782630167251	0.05164138362505292
651.6921095008902	0.05009460277000784
650.607763228842	0.048128528551291155
649.5252211935195	0.0452604625510765
648.4444803928648	0.04199957091848537
647.3655378298151	0.03919882074784569
646.2883905122948	0.03627334300226942
645.213035453206	0.03277350210902746
644.1394696704219	0.029287584559542848
643.0676901867774	0.02657997595825157
641.9976940300605	0.024107988590682645
640.9294782330055	0.021802342366424976
639.8630398332834	0.019151498496495566
638.7983758734943	0.016770073232403867
637.7354834011591	0.015039277500590073
636.6743594687111	0.013421112388490822
635.6150011334888	0.011923093420570435
634.5574054577258	0.010280817066014039
633.501569508545	0.008898451516870017
632.4474903579484	0.008274664334057106
631.3951650828103	0.007311246255552826
630.3445907648688	0.006086298160975209
629.2957644907177	0.005065877728404861
628.248683351798	0.004218877057728668
627.2033444443907	0.003550250388589464
626.1597448696081	0.00292864722265037
625.1178817333857	0.0024700007367841267
624.077752146475	0.002032490097851683
623.0393532244342	0.0015219654167422058
622.0026820876216	0.001130096435236894
620.9677358611862	0.0008582182694552246
619.934511675061	0.0005665057324499099
618.9030066639544	0.0003399278902916289
617.8732179673423	0.00019154008117259688
616.8451427294599	0.00010108111613175985
615.8187780992944	-2.8493524403398404e-05
614.7941212305768	-7.152004396473548e-05
613.771169281774	-0.00015222272263661074
612.7499194160806	-0.0002379102687936393
689.6551724137931	nan
688.5076596477136	nan
687.3620562206792	nan
686.2183589557528	0.0016198125956811901
685.0765646812841	0.0013441743823331305
683.9366702308993	0.0011186090432547327
682.7986724434935	0.0008846159849327748
681.6625681632214	0.0006555103814090343
680.528354239489	0.0004504858084859037
679.3960275269441	0.00022007686572909682
678.2655848854682	3.130615669941564e-05
677.137023180168	-0.00011829944250128788
676.0103392813658	-0.0002366718567582346
674.8855300645913	-0.00029186640926253185
673.7625924105738	-0.0003988351166195857
672.6415232052317	-0.00022006292645415648
671.5223193396656	0.0004400751258036087
670.4049777101487	0.0012242228022739284
669.2894952181186	0.0026006884844954614
668.1758687701683	0.004535997319825246
667.0640952780383	0.006695267680684753
665.9541716586072	0.009997105988954065
664.846094833884	0.014033682687134577
663.7398617309991	0.01812043692288105
662.6354692821953	0.022802374333501005
661.5329144248207	0.029447055120580445
660.4321941013185	0.036447763259163976
659.3333052592199	0.04163278701029674
658.2362448511346	0.047001642628654215
657.1410098347434	0.05084527971889925
656.0475971727888	0.05260671016060341
654.9560038330669	0.05329087363793846
653.8662267884196	0.05288248940462643
652.7782630167251	0.05164138362505292
651.6921095008902	0.05009460277000784
650.607763228842	0.048128528551291155
649.5252211935195	0.0452604625510765
648.4444803928648	0.04199957091848537
647.3655378298151	0.03919882074784569
646.2883905122948	0.03627334300226942
645.213035453206	0.03277350210902746
644.1394696704219	0.029287584559542848
643.0676901867774	0.02657997595825157
641.9976940300605	0.024107988590682645
640.9294782330055	0.021802342366424976
639.8630398332834	0.019151498496495566
638.7983758734943	0.016770073232403867
637.7354834011591	0.015039277500590073
636.6743594687111	0.013421112388490822
635.6150011334888	0.011923093420570435
634.5574054577258	0.010280817066014039
633.501569508545	0.008898451516870017
632.4474903579484	0.008274664334057106
631.3951650828103	0.007311246255552826
630.3445907648688	0.006086298160975209
629.2957644907177	0.005065877728404861
628.248683351798	0.004218877057728668
627.2033444443907	0.003550250388589464
626.1597448696081	0.00292864722265037
625.1178817333857	0.0024700007367841267
624.077752146475	0.002032490097851683
623.0393532244342	0.0015219654167422058
622.0026820876216	0.001130096435236894
620.9677358611862	0.0008582182694552246
619.934511675061	0.0005665057324499099
618.9030066639544	0.0003399278902916289
617.8732179673423	0.00019154008117259688
616.8451427294599	0.00010108111613175985
615.8187780992944	-2.8493524403398404e-05
614.7941212305768	-7.152004396473548e-05
613.771169281774	-0.00015222272263661074
612.7499194160806	-0.0002379102687936393
689.6551724137931	nan
688.5076596477136	nan
687.3620562206792	nan
686.2183589557528	0.0016198125956811901
685.0765646812841	0.0013441743823331305
683.9366702308993	0.0011186090432547327
682.7986724434935	0.0008846159849327748
681.6625681632214	0.0006555103814090343
680.528354239489	0.0004504858084859037
679.3960275269441	0.00022007686572909682
678.2655848854682	3.130615669941564e-05
677.137023180168	-0.00011829944250128788
676.0103392813658	-0.0002366718567582346
674.8855300645913	-0.00029186640926253185
673.7625924105738	-0.0003988351166195857
672.6415232052317	-0.00022006292645415648
671.5223193396656	0.0004400751258036087
670.4049777101487	0.0012242228022739284
669.2894952181186	0.0026006884844954614
668.1758687701683	0.004535997319825246
667.0640952780383	0.006695267680684753
665.9541716586072	0.009997105988954065
664.846094833884	0.014033682687134577
663.7398617309991	0.01812043692288105
662.6354692821953	0.022802374333501005
661.5329144248207	0.029447055120580445
660.4321941013185	0.036447763259163976
659.3333052592199	0.04163278701029674
658.2362448511346	0.047001642628654215
657.1410098347434	0.05084527971889925
656.0475971727888	0.05260671016060341
654.9560038330669	0.05329087363793846
653.8662267884196	0.05288248940462643
652.7782630167251	0.05164138362505292
651.6921095008902	0.05009460277000784
650.607763228842	0.048128528551291155
649.5252211935195	0.0452604625510765
648.4444803928648	0.04199957091848537
647.3655378298151	0.03919882074784569
646.2883905122948	0.03627334300226942
645.213035453206	0.03277350210902746
644.1394696704219	0.029287584559542848
643.0676901867774	0.02657997595825157
641.9976940300605	0.024107988590682645
640.9294782330055	0.021802342366424976
639.8630398332834	0.019151498496495566
638.7983758734943	0.016770073232403867
637.7354834011591	0.015039277500590073
636.6743594687111	0.013421112388490822
635.6150011334888	0.011923093420570435
634.5574054577258	0.010280817066014039
633.501569508545	0.008898451516870017
632.4474903579484	0.008274664334057106
631.3951650828103	0.007311246255552826
630.3445907648688	0.006086298160975209
629.2957644907177	0.005065877728404861
628.248683351798	0.004218877057728668
627.2033444443907	0.003550250388589464
626.1597448696081	0.00292864722265037
625.1178817333857	0.0024700007367841267
624.077752146475	0.002032490097851683
623.0393532244342	0.0015219654167422058
622.0026820876216	0.001130096435236894
620.9677358611862	0.0008582182694552246
619.934511675061	0.0005665057324499099
618.9030066639544	0.0003399278902916289
617.8732179673423	0.00019154008117259688
616.8451427294599	0.00010108111613175985
615.8187780992944	-2.8493524403398404e-05
614.7941212305768	-7.152004396473548e-05
613.771169281774	-0.00015222272263661074
612.7499194160806	-0.0002379102687936393
689.6551724137931	nan
688.5076596477136	nan
687.3620562206792	nan
686.2183589557528	0.0016198125956811901
685.0765646812841	0.0013441743823331305
683.9366702308993	0.0011186090432547327
682.7986724434935	0.0008846159849327748
681.6625681632214	0.0006555103814090343
680.528354239489	0.0004504858084859037
679.3960275269441	0.00022007686572909682
678.2655848854682	3.130615669941564e-05
677.137023180168	-0.00011829944250128788
676.0103392813658	-0.0002366718567582346
674.8855300645913	-0.00029186640926253185
673.7625924105738	-0.0003988351166195857
672.6415232052317	-0.00022006292645415648
671.5223193396656	0.0004400751258036087
670.4049777101487	0.0012242228022739284
669.2894952181186	0.0026006884844954614
668.1758687701683	0.004535997319825246
667.0640952780383	0.006695267680684753
665.9541716586072	0.009997105988954065
664.846094833884	0.014033682687134577
663.7398617309991	0.01812043692288105
662.6354692821953	0.022802374333501005
661.5329144248207	0.029447055120580445
660.4321941013185	0.036447763259163976
659.3333052592199	0.04163278701029674
658.2362448511346	0.047001642628654215
657.1410098347434	0.05084527971889925
656.0475971727888	0.05260671016060341
654.9560038330669	0.05329087363793846
653.8662267884196	0.05288248940462643
652.7782630167251	0.05164138362505292
651.6921095008902	0.05009460277000784
650.607763228842	0.048128528551291155
649.5252211935195	0.0452604625510765
648.4444803928648	0.04199957091848537
647.3655378298151	0.03919882074784569
646.2883905122948	0.03627334300226942
645.213035453206	0.03277350210902746
644.1394696704219	0.029287584559542848
643.0676901867774	0.02657997595825157
641.9976940300605	0.024107988590682645
640.9294782330055	0.021802342366424976
639.8630398332834	0.019151498496495566
638.7983758734943	0.016770073232403867
637.7354834011591	0.015039277500590073
636.6743594687111	0.013421112388490822
635.6150011334888	0.011923093420570435
634.5574054577258	0.010280817066014039
633.501569508545	0.008898451516870017
632.4474903579484	0.008274664334057106
631.3951650828103	0.007311246255552826
630.3445907648688	0.006086298160975209
629.2957644907177	0.005065877728404861
628.248683351798	0.004218877057728668
627.2033444443907	0.003550250388589464
626.1597448696081	0.00292864722265037
625.1178817333857	0.0024700007367841267
624.077752146475	0.002032490097851683
623.0393532244342	0.0015219654167422058
622.0026820876216	0.001130096435236894
620.9677358611862	0.0008582182694552246
619.934511675061	0.0005665057324499099
618.9030066639544	0.0003399278902916289
617.8732179673423	0.00019154008117259688
616.8451427294599	0.00010108111613175985
615.8187780992944	-2.8493524403398404e-05
614.7941212305768	-7.152004396473548e-05
613.771169281774	-0.00015222272263661074
612.7499194160806	-0.0002379102687936393
689.6551724137931	nan
688.5076596477136	nan
687.3620562206792	nan
686.2183589557528	0.0016198125956811901
685.0765646812841	0.0013441743823331305
683.9366702308993	0.0011186090432547327
682.7986724434935	0.0008846159849327748
681.6625681632214	0.0006555103814090343
680.528354239489	0.0004504858084859037
679.3960275269441	0.00022007686572909682
678.2655848854682	3.130615669941564e-05
677.137023180168	-0.00011829944250128788
676.0103392813658	-0.0002366718567582346
674.8855300645913	-0.00029186640926253185
673.7625924105738	-0.0003988351166195857
672.6415232052317	-0.00022006292645415648
671.5223193396656	0.0004400751258036087
670.4049777101487	0.0012242228022739284
669.2894952181186	0.0026006884844954614
668.1758687701683	0.004535997319825246
667.0640952780383	0.006695267680684753
665.9541716586072	0.009997105988954065
664.846094833884	0.014033682687134577
663.7398617309991	0.01812043692288105
662.6354692821953	0.022802374333501005
661.5329144248207	0.029447055120580445
660.4321941013185	0.036447763259163976
659.3333052592199	0.04163278701029674
658.2362448511346	0.047001642628654215
657.1410098347434	0.05084527971889925
656.0475971727888	0.05260671016060341
654.9560038330669	0.05329087363793846
653.8662267884196	0.05288248940462643
652.7782630167251	0.05164138362505292
651.6921095008902	0.05009460277000784
650.607763228842	0.048128528551291155
649.5252211935195	0.0452604625510765
648.4444803928648	0.04199957091848537
647.3655378298151	0.03919882074784569
646.2883905122948	0.03627334300226942
645.213035453206	0.03277350210902746
644.1394696704219	0.029287584559542848
643.0676901867774	0.02657997595825157
641.9976940300605	0.024107988590682645
640.9294782330055	0.021802342366424976
639.8630398332834	0.019151498496495566
638.7983758734943	0.016770073232403867
637.7354834011591	0.015039277500590073
636.6743594687111	0.013421112388490822
635.6150011334888	0.011923093420570435
634.5574054577258	0.010280817066014039
633.501569508545	0.008898451516870017
632.4474903579484	0.008274664334057106
631.3951650828103	0.007311246255552826
630.3445907648688	0.006086298160975209
629.2957644907177	0.005065877728404861
628.248683351798	0.004218877057728668
627.2033444443907	0.003550250388589464
626.1597448696081	0.00292864722265037
625.1178817333857	0.0024700007367841267
624.077752146475	0.002032490097851683
623.0393532244342	0.0015219654167422058
622.0026820876216	0.001130096435236894
620.9677358611862	0.0008582182694552246
619.934511675061	0.0005665057324499099
618.9030066639544	0.0003399278902916289
617.8732179673423	0.00019154008117259688
616.8451427294599	0.00010108111613175985
615.8187780992944	-2.8493524403398404e-05
614.7941212305768	-7.152004396473548e-05
613.771169281774	-0.00015222272263661074
612.7499194160806	-0.0002379102687936393
689.6551724137931	nan
688.5076596477136	nan
687.3620562206792	nan
686.2183589557528	0.0016198125956811901
685.0765646812841	0.0013441743823331305
683.9366702308993	0.0011186090432547327
682.7986724434935	0.0008846159849327748
681.6625681632214	0.0006555103814090343
680.528354239489	0.0004504858084859037
679.3960275269441	0.00022007686572909682
678.2655848854682	3.130615669941564e-05
677.137023180168	-0.00011829944250128788
676.0103392813658	-0.0002366718567582346
674.8855300645913	-0.00029186640926253185
673.7625924105738	-0.0003988351166195857
672.6415232052317	-0.00022006292645415648
671.5223193396656	0.0004400751258036087
670.4049777101487	0.0012242228022739284
669.2894952181186	0.0026006884844954614
668.1758687701683	0.004535997319825246
667.0640952780383	0.006695267680684753
665.9541716586072	0.009997105988954065
664.846094833884	0.014033682687134577
663.7398617309991	0.01812043692288105
662.6354692821953	0.022802374333501005
661.5329144248207	0.029447055120580445
660.4321941013185	0.036447763259163976
659.3333052592199	0.04163278701029674
658.2362448511346	0.047001642628654215
657.1410098347434	0.05084527971889925
656.0475971727888	0.05260671016060341
654.9560038330669	0.05329087363793846
653.8662267884196	0.05288248940462643
652.7782630167251	0.05164138362505292
651.6921095008902	0.05009460277000784
650.607763228842	0.048128528551291155
649.5252211935195	0.0452604625510765
648.4444803928648	0.04199957091848537
647.3655378298151	0.03919882074784569
646.2883905122948	0.03627334300226942
645.213035453206	0.03277350210902746
644.1394696704219	0.029287584559542848
643.0676901867774	0.02657997595825157
641.9976940300605	0.024107988590682645
640.9294782330055	0.021802342366424976
639.8630398332834	0.019151498496495566
638.7983758734943	0.016770073232403867
637.7354834011591	0.015039277500590073
636.6743594687111	0.013421112388490822
635.6150011334888	0.011923093420570435
634.5574054577258	0.010280817066014039
633.501569508545	0.008898451516870017
632.4474903579484	0.008274664334057106
631.3951650828103	0.007311246255552826
630.3445907648688	0.006086298160975209
629.2957644907177	0.005065877728404861
628.248683351798	0.004218877057728668
627.2033444443907	0.003550250388589464
626.1597448696081	0.00292864722265037
625.1178817333857	0.0024700007367841267
624.077752146475	0.002032490097851683
623.0393532244342	0.0015219654167422058
622.0026820876216	0.001130096435236894
620.9677358611862	0.0008582182694552246
619.934511675061	0.0005665057324499099
618.9030066639544	0.0003399278902916289
617.8732179673423	0.00019154008117259688
616.8451427294599	0.00010108111613175985
615.8187780992944	-2.8493524403398404e-05
614.7941212305768	-7.152004396473548e-05
613.771169281774	-0.00015222272263661074
612.7499194160806	-0.0002379102687936393
689.6551724137931	nan
688.5076596477136	nan
687.3620562206792	nan
686.2183589557528	0.0016198125956811901
685.0765646812841	0.0013441743823331305
683.9366702308993	0.0011186090432547327
682.7986724434935	0.0008846159849327748
681.6625681632214	0.0006555103814090343
680.528354239489	0.0004504858084859037
679.3960275269441	0.00022007686572909682
678.2655848854682	3.130615669941564e-05
677.137023180168	-0.00011829944250128788
676.0103392813658	-0.0002366718567582346
674.8855300645913	-0.00029186640926253185
673.7625924105738	-0.0003988351166195857
672.6415232052317	-0.00022006292645415648
671.5223193396656	0.0004400751258036087
670.4049777101487	0.0012242228022739284
669.2894952181186	0.0026006884844954614
668.1758687701683	0.004535997319825246
667.0640952780383	0.006695267680684753
665.9541716586072	0.009997105988954065
664.846094833884	0.014033682687134577
663.7398617309991	0.01812043692288105
662.6354692821953	0.022802374333501005
661.5329144248207	0.029447055120580445
660.4321941013185	0.036447763259163976
659.3333052592199	0.04163278701029674
658.2362448511346	0.047001642628654215
657.1410098347434	0.05084527971889925
656.0475971727888	0.05260671016060341
654.9560038330669	0.05329087363793846
653.8662267884196	0.05288248940462643
652.7782630167251	0.05164138362505292
651.6921095008902	0.05009460277000784
650.607763228842	0.048128528551291155
649.5252211935195	0.0452604625510765
648.4444803928648	0.04199957091848537
647.3655378298151	0.03919882074784569
646.2883905122948	0.03627334300226942
645.213035453206	0.03277350210902746
644.1394696704219	0.029287584559542848
643.0676901867774	0.02657997595825157
641.9976940300605	0.024107988590682645
640.9294782330055	0.021802342366424976
639.8630398332834	0.019151498496495566
638.7983758734943	0.016770073232403867
637.7354834011591	0.015039277500590073
636.6743594687111	0.013421112388490822
635.6150011334888	0.011923093420570435
634.5574054577258	0.010280817066014039
633.501569508545	0.008898451516870017
632.4474903579484	0.008274664334057106
631.3951650828103	0.007311246255552826
630.3445907648688	0.006086298160975209
629.2957644907177	0.005065877728404861
628.248683351798	0.004218877057728668
627.2033444443907	0.003550250388589464
626.1597448696081	0.00292864722265037
625.1178817333857	0.0024700007367841267
624.077752146475	0.002032490097851683
623.0393532244342	0.0015219654167422058
622.0026820876216	0.001130096435236894
620.9677358611862	0.0008582182694552246
619.934511675061	0.0005665057324499099
618.9030066639544	0.0003399278902916289
617.8732179673423	0.00019154008117259688
616.8451427294599	0.00010108111613175985
615.8187780992944	-2.8493524403398404e-05
614.7941212305768	-7.152004396473548e-05
613.771169281774	-0.00015222272263661074
612.7499194160806	-0.0002379102687936393
689.6551724137931	nan
688.5076596477136	nan
687.3620562206792	nan
686.2183589557528	0.0016198125956811901
685.0765646812841	0.0013441743823331305
683.9366702308993	0.0011186090432547327
682.7986724434935	0.0008846159849327748
681.6625681632214	0.0006555103814090343
680.528354239489	0.0004504858084859037
679.3960275269441	0.00022007686572909682
678.2655848854682	3.130615669941564e-05
677.137023180168	-0.00011829944250128788
676.0103392813658	-0.0002366718567582346
674.8855300645913	-0.00029186640926253185
673.7625924105738	-0.0003988351166195857
672.6415232052317	-0.00022006292645415648
671.5223193396656	0.0004400751258036087
670.4049777101487	0.0012242228022739284
669.2894952181186	0.0026006884844954614
668.1758687701683	0.004535997319825246
667.0640952780383	0.006695267680684753
665.9541716586072	0.009997105988954065
664.846094833884	0.014033682687134577
663.7398617309991	0.01812043692288105
662.6354692821953	0.022802374333501005
661.5329144248207	0.029447055120580445
660.4321941013185	0.036447763259163976
659.3333052592199	0.04163278701029674
658.2362448511346	0.047001642628654215
657.1410098347434	0.05084527971889925
656.0475971727888	0.05260671016060341
654.9560038330669	0.05329087363793846
653.8662267884196	0.05288248940462643
652.7782630167251	0.05164138362505292
651.6921095008902	0.05009460277000784
650.607763228842	0.048128528551291155
649.5252211935195	0.0452604625510765
648.4444803928648	0.04199957091848537
647.3655378298151	0.03919882074784569
646.2883905122948	0.03627334300226942
645.213035453206	0.03277350210902746
644.1394696704219	0.029287584559542848
643.0676901867774	0.02657997595825157
641.9976940300605	0.024107988590682645
640.9294782330055	0.021802342366424976
639.8630398332834	0.019151498496495566
638.7983758734943	0.016770073232403867
637.7354834011591	0.015039277500590073
636.6743594687111	0.013421112388490822
635.6150011334888	0.011923093420570435
634.5574054577258	0.010280817066014039
633.501569508545	0.008898451516870017
632.4474903579484	0.008274664334057106
631.3951650828103	0.007311246255552826
630.3445907648688	0.006086298160975209
629.2957644907177	0.005065877728404861
628.248683351798	0.004218877057728668
627.2033444443907	0.003550250388589464
626.1597448696081	0.00292864722265037
625.1178817333857	0.0024700007367841267
624.077752146475	0.002032490097851683
623.0393532244342	0.0015219654167422058
622.0026820876216	0.001130096435236894
620.9677358611862	0.0008582182694552246
619.934511675061	0.0005665057324499099
618.9030066639544	0.0003399278902916289
617.8732179673423	0.00019154008117259688
616.8451427294599	0.00010108111613175985
615.8187780992944	-2.8493524403398404e-05
614.7941212305768	-7.152004396473548e-05
613.771169281774	-0.00015222272263661074
612.7499194160806	-0.0002379102687936393
689.6551724137931	nan
688.5076596477136	nan
687.3620562206792	nan
686.2183589557528	0.0016198125956811901
685.0765646812841	0.0013441743823331305
683.9366702308993	0.0011186090432547327
682.7986724434935	0.0008846159849327748
681.6625681632214	0.0006555103814090343
680.528354239489	0.0004504858084859037
679.3960275269441	0.00022007686572909682
678.2655848854682	3.130615669941564e-05
677.137023180168	-0.00011829944250128788
676.0103392813658	-0.0002366718567582346
674.8855300645913	-0.00029186640926253185
673.7625924105738	-0.0003988351166195857
672.6415232052317	-0.00022006292645415648
671.5223193396656	0.0004400751258036087
670.4049777101487	0.0012242228022739284
669.2894952181186	0.0026006884844954614
668.1758687701683	0.004535997319825246
667.0640952780383	0.006695267680684753
665.9541716586072	0.009997105988954065
664.846094833884	0.014033682687134577
663.7398617309991	0.01812043692288105
662.6354692821953	0.022802374333501005
661.5329144248207	0.029447055120580445
660.4321941013185	0.036447763259163976
659.3333052592199	0.04163278701029674
658.2362448511346	0.047001642628654215
657.1410098347434	0.05084527971889925
656.0475971727888	0.05260671016060341
654.9560038330669	0.05329087363793846
653.8662267884196	0.05288248940462643
652.7782630167251	0.05164138362505292
651.6921095008902	0.05009460277000784
650.607763228842	0.048128528551291155
649.5252211935195	0.0452604625510765
648.4444803928648	0.04199957091848537
647.3655378298151	0.03919882074784569
646.2883905122948	0.03627334300226942
645.213035453206	0.03277350210902746
644.1394696704219	0.029287584559542848
643.0676901867774	0.02657997595825157
641.9976940300605	0.024107988590682645
640.9294782330055	0.021802342366424976
639.8630398332834	0.019151498496495566
638.7983758734943	0.016770073232403867
637.7354834011591	0.015039277500590073
636.6743594687111	0.013421112388490822
635.6150011334888	0.011923093420570435
634.5574054577258	0.010280817066014039
633.501569508545	0.008898451516870017
632.4474903579484	0.008274664334057106
631.3951650828103	0.007311246255552826
630.3445907648688	0.006086298160975209
629.2957644907177	0.005065877728404861
628.248683351798	0.004218877057728668
627.2033444443907	0.003550250388589464
626.1597448696081	0.00292864722265037
625.1178817333857	0.0024700007367841267
624.077752146475	0.002032490097851683
623.0393532244342	0.0015219654167422058
622.0026820876216	0.001130096435236894
620.9677358611862	0.0008582182694552246
619.934511675061	0.0005665057324499099
618.9030066639544	0.0003399278902916289
617.8732179673423	0.00019154008117259688
616.8451427294599	0.00010108111613175985
615.8187780992944	-2.8493524403398404e-05
614.7941212305768	-7.152004396473548e-05
613.771169281774	-0.00015222272263661074
612.7499194160806	-0.0002379102687936393
689.6551724137931	nan
688.5076596477136	nan
687.3620562206792	nan
686.2183589557528	0.0016198125956811901
685.0765646812841	0.0013441743823331305
683.9366702308993	0.0011186090432547327
682.7986724434935	0.0008846159849327748
681.6625681632214	0.0006555103814090343
680.528354239489	0.0004504858084859037
679.3960275269441	0.00022007686572909682
678.2655848854682	3.130615669941564e-05
677.137023180168	-0.00011829944250128788
676.0103392813658	-0.0002366718567582346
674.8855300645913	-0.00029186640926253185
673.7625924105738	-0.0003988351166195857
672.6415232052317	-0.00022006292645415648
671.5223193396656	0.0004400751258036087
670.4049777101487	0.0012242228022739284
669.2894952181186	0.0026006884844954614
668.1758687701683	0.004535997319825246
667.0640952780383	0.006695267680684753
665.9541716586072	0.009997105988954065
664.846094833884	0.014033682687134577
663.7398617309991	0.01812043692288105
662.6354692821953	0.022802374333501005
661.5329144248207	0.029447055120580445
660.4321941013185	0.036447763259163976
659.3333052592199	0.04163278701029674
658.2362448511346	0.047001642628654215
657.1410098347434	0.05084527971889925
656.0475971727888	0.05260671016060341
654.9560038330669	0.05329087363793846
653.8662267884196	0.05288248940462643
652.7782630167251	0.05164138362505292
651.6921095008902	0.05009460277000784
650.607763228842	0.048128528551291155
649.5252211935195	0.0452604625510765
648.4444803928648	0.04199957091848537
647.3655378298151	0.03919882074784569
646.2883905122948	0.03627334300226942
645.213035453206	0.03277350210902746
644.1394696704219	0.029287584559542848
643.0676901867774	0.02657997595825157
641.9976940300605	0.024107988590682645
640.9294782330055	0.021802342366424976
639.8630398332834	0.019151498496495566
638.7983758734943	0.016770073232403867
637.7354834011591	0.015039277500590073
636.6743594687111	0.013421112388490822
635.6150011334888	0.011923093420570435
634.5574054577258	0.010280817066014039
633.501569508545	0.008898451516870017
632.4474903579484	0.008274664334057106
631.3951650828103	0.007311246255552826
630.3445907648688	0.006086298160975209
629.2957644907177	0.005065877728404861
628.248683351798	0.004218877057728668
627.2033444443907	0.003550250388589464
626.1597448696081	0.00292864722265037
625.1178817333857	0.0024700007367841267
624.077752146475	0.002032490097851683
623.0393532244342	0.0015219654167422058
622.0026820876216	0.001130096435236894
620.9677358611862	0.0008582182694552246
619.934511675061	0.0005665057324499099
618.9030066639544	0.0003399278902916289
617.8732179673423	0.00019154008117259688
616.8451427294599	0.00010108111613175985
615.8187780992944	-2.8493524403398404e-05
614.7941212305768	-7.152004396473548e-05
613.771169281774	-0.00015222272263661074
612.7499194160806	-0.0002379102687936393
689.6551724137931	nan
688.5076596477136	nan
687.3620562206792	nan
686.2183589557528	0.0016198125956811901
685.0765646812841	0.0013441743823331305
683.9366702308993	0.0011186090432547327
682.7986724434935	0.0008846159849327748
681.6625681632214	0.0006555103814090343
680.528354239489	0.0004504858084859037
679.3960275269441	0.00022007686572909682
678.2655848854682	3.130615669941564e-05
677.137023180168	-0.00011829944250128788
676.0103392813658	-0.0002366718567582346
674.8855300645913	-0.00029186640926253185
673.7625924105738	-0.0003988351166195857
672.6415232052317	-0.00022006292645415648
671.5223193396656	0.0004400751258036087
670.4049777101487	0.0012242228022739284
669.2894952181186	0.0026006884844954614
668.1758687701683	0.004535997319825246
667.0640952780383	0.006695267680684753
665.9541716586072	0.009997105988954065
664.846094833884	0.014033682687134577
663.7398617309991	0.01812043692288105
662.6354692821953	0.022802374333501005
661.5329144248207	0.029447055120580445
660.4321941013185	0.036447763259163976
659.3333052592199	0.04163278701029674
658.2362448511346	0.047001642628654215
657.1410098347434	0.05084527971889925
656.0475971727888	0.05260671016060341
654.9560038330669	0.05329087363793846
653.8662267884196	0.05288248940462643
652.7782630167251	0.05164138362505292
651.6921095008902	0.05009460277000784
650.607763228842	0.048128528551291155
649.5252211935195	0.0452604625510765
648.4444803928648	0.04199957091848537
647.3655378298151	0.03919882074784569
646.2883905122948	0.03627334300226942
645.213035453206	0.03277350210902746
644.1394696704219	0.029287584559542848
643.0676901867774	0.02657997595825157
641.9976940300605	0.024107988590682645
640.9294782330055	0.021802342366424976
639.8630398332834	0.019151498496495566
638.7983758734943	0.016770073232403867
637.7354834011591	0.015039277500590073
636.6743594687111	0.013421112388490822
635.6150011334888	0.011923093420570435
634.5574054577258	0.010280817066014039
633.501569508545	0.008898451516870017
632.4474903579484	0.008274664334057106
631.3951650828103	0.007311246255552826
630.3445907648688	0.006086298160975209
629.2957644907177	0.005065877728404861
628.248683351798	0.004218877057728668
627.2033444443907	0.003550250388589464
626.1597448696081	0.00292864722265037
625.1178817333857	0.0024700007367841267
624.077752146475	0.002032490097851683
623.0393532244342	0.0015219654167422058
622.0026820876216	0.001130096435236894
620.9677358611862	0.0008582182694552246
619.934511675061	0.0005665057324499099
618.9030066639544	0.0003399278902916289
617.8732179673423	0.00019154008117259688
616.8451427294599	0.00010108111613175985
615.8187780992944	-2.8493524403398404e-05
614.7941212305768	-7.152004396473548e-05
613.771169281774	-0.00015222272263661074
612.7499194160806	-0.0002379102687936393
689.6551724137931	nan
688.5076596477136	nan
687.3620562206792	nan
686.2183589557528	0.0016198125956811901
685.0765646812841	0.0013441743823331305
683.9366702308993	0.0011186090432547327
682.7986724434935	0.0008846159849327748
681.6625681632214	0.0006555103814090343
680.528354239489	0.0004504858084859037
679.3960275269441	0.00022007686572909682
678.2655848854682	3.130615669941564e-05
677.137023180168	-0.00011829944250128788
676.0103392813658	-0.0002366718567582346
674.8855300645913	-0.00029186640926253185
673.7625924105738	-0.0003988351166195857
672.6415232052317	-0.00022006292645415648
671.5223193396656	0.0004400751258036087
670.4049777101487	0.0012242228022739284
669.2894952181186	0.0026006884844954614
668.1758687701683	0.004535997319825246
667.0640952780383	0.006695267680684753
665.9541716586072	0.009997105988954065
664.846094833884	0.014033682687134577
663.7398617309991	0.01812043692288105
662.6354692821953	0.022802374333501005
661.5329144248207	0.029447055120580445
660.4321941013185	0.036447763259163976
659.3333052592199	0.04163278701029674
658.2362448511346	0.047001642628654215
657.1410098347434	0.05084527971889925
656.0475971727888	0.05260671016060341
654.9560038330669	0.05329087363793846
653.8662267884196	0.05288248940462643
652.7782630167251	0.05164138362505292
651.6921095008902	0.05009460277000784
650.607763228842	0.048128528551291155
649.5252211935195	0.0452604625510765
648.4444803928648	0.04199957091848537
647.3655378298151	0.03919882074784569
646.2883905122948	0.03627334300226942
645.213035453206	0.03277350210902746
644.1394696704219	0.029287584559542848
643.0676901867774	0.02657997595825157
641.9976940300605	0.024107988590682645
640.9294782330055	0.021802342366424976
639.8630398332834	0.019151498496495566
638.7983758734943	0.016770073232403867
637.7354834011591	0.015039277500590073
636.6743594687111	0.013421112388490822
635.6150011334888	0.011923093420570435
634.5574054577258	0.010280817066014039
633.501569508545	0.008898451516870017
632.4474903579484	0.008274664334057106
631.3951650828103	0.007311246255552826
630.3445907648688	0.006086298160975209
629.2957644907177	0.005065877728404861
628.248683351798	0.004218877057728668
627.2033444443907	0.003550250388589464
626.1597448696081	0.00292864722265037
625.1178817333857	0.0024700007367841267
624.077752146475	0.002032490097851683
623.0393532244342	0.0015219654167422058
622.0026820876216	0.001130096435236894
620.9677358611862	0.0008582182694552246
619.934511675061	0.0005665057324499099
618.9030066639544	0.0003399278902916289
617.8732179673423	0.00019154008117259688
616.8451427294599	0.00010108111613175985
615.8187780992944	-2.8493524403398404e-05
614.7941212305768	-7.152004396473548e-05
613.771169281774	-0.00015222272263661074
612.7499194160806	-0.0002379102687936393
689.6551724137931	nan
688.5076596477136	nan
687.3620562206792	nan
686.2183589557528	0.0016198125956811901
685.0765646812841	0.0013441743823331305
683.9366702308993	0.0011186090432547327
682.7986724434935	0.0008846159849327748
681.6625681632214	0.0006555103814090343
680.528354239489	0.0004504858084859037
679.3960275269441	0.00022007686572909682
678.2655848854682	3.130615669941564e-05
677.137023180168	-0.00011829944250128788
676.0103392813658	-0.0002366718567582346
674.8855300645913	-0.00029186640926253185
673.7625924105738	-0.0003988351166195857
672.6415232052317	-0.00022006292645415648
671.5223193396656	0.0004400751258036087
670.4049777101487	0.0012242228022739284
669.2894952181186	0.0026006884844954614
668.1758687701683	0.004535997319825246
667.0640952780383	0.006695267680684753
665.9541716586072	0.009997105988954065
664.846094833884	0.014033682687134577
663.7398617309991	0.01812043692288105
662.6354692821953	0.022802374333501005
661.5329144248207	0.029447055120580445
660.4321941013185	0.036447763259163976
659.3333052592199	0.04163278701029674
658.2362448511346	0.047001642628654215
657.1410098347434	0.05084527971889925
656.0475971727888	0.05260671016060341
654.9560038330669	0.05329087363793846
653.8662267884196	0.05288248940462643
652.7782630167251	0.05164138362505292
651.6921095008902	0.05009460277000784
650.607763228842	0.048128528551291155
649.5252211935195	0.0452604625510765
648.4444803928648	0.04199957091848537
647.3655378298151	0.03919882074784569
646.2883905122948	0.03627334300226942
645.213035453206	0.03277350210902746
644.1394696704219	0.029287584559542848
643.0676901867774	0.02657997595825157
641.9976940300605	0.024107988590682645
640.9294782330055	0.021802342366424976
639.8630398332834	0.019151498496495566
638.7983758734943	0.016770073232403867
637.7354834011591	0.015039277500590073
636.6743594687111	0.013421112388490822
635.6150011334888	0.011923093420570435
634.5574054577258	0.010280817066014039
633.501569508545	0.008898451516870017
632.4474903579484	0.008274664334057106
631.3951650828103	0.007311246255552826
630.3445907648688	0.006086298160975209
629.2957644907177	0.005065877728404861
628.248683351798	0.004218877057728668
627.2033444443907	0.003550250388589464
626.1597448696081	0.00292864722265037
625.1178817333857	0.0024700007367841267
624.077752146475	0.002032490097851683
623.0393532244342	0.0015219654167422058
622.0026820876216	0.001130096435236894
620.9677358611862	0.0008582182694552246
619.934511675061	0.0005665057324499099
618.9030066639544	0.0003399278902916289
617.8732179673423	0.00019154008117259688
616.8451427294599	0.00010108111613175985
615.8187780992944	-2.8493524403398404e-05
614.7941212305768	-7.152004396473548e-05
613.771169281774	-0.00015222272263661074
612.7499194160806	-0.0002379102687936393
689.6551724137931	nan
688.5076596477136	nan
687.3620562206792	nan
686.2183589557528	0.0016198125956811901
685.0765646812841	0.0013441743823331305
683.9366702308993	0.0011186090432547327
682.7986724434935	0.0008846159849327748
681.6625681632214	0.0006555103814090343
680.528354239489	0.0004504858084859037
679.3960275269441	0.00022007686572909682
678.2655848854682	3.130615669941564e-05
677.137023180168	-0.00011829944250128788
676.0103392813658	-0.0002366718567582346
674.8855300645913	-0.00029186640926253185
673.7625924105738	-0.0003988351166195857
672.6415232052317	-0.00022006292645415648
671.5223193396656	0.0004400751258036087
670.4049777101487	0.0012242228022739284
669.2894952181186	0.0026006884844954614
668.1758687701683	0.004535997319825246
667.0640952780383	0.006695267680684753
665.9541716586072	0.009997105988954065
664.846094833884	0.014033682687134577
663.7398617309991	0.01812043692288105
662.6354692821953	0.022802374333501005
661.5329144248207	0.029447055120580445
660.4321941013185	0.036447763259163976
659.3333052592199	0.04163278701029674
658.2362448511346	0.047001642628654215
657.1410098347434	0.05084527971889925
656.0475971727888	0.05260671016060341
654.9560038330669	0.05329087363793846
653.8662267884196	0.05288248940462643
652.7782630167251	0.05164138362505292
651.6921095008902	0.05009460277000784
650.607763228842	0.048128528551291155
649.5252211935195	0.0452604625510765
648.4444803928648	0.04199957091848537
647.3655378298151	0.03919882074784569
646.2883905122948	0.03627334300226942
645.213035453206	0.03277350210902746
644.1394696704219	0.029287584559542848
643.0676901867774	0.02657997595825157
641.9976940300605	0.024107988590682645
640.9294782330055	0.021802342366424976
639.8630398332834	0.019151498496495566
638.7983758734943	0.016770073232403867
637.7354834011591	0.015039277500590073
636.6743594687111	0.013421112388490822
635.6150011334888	0.011923093420570435
634.5574054577258	0.010280817066014039
633.501569508545	0.008898451516870017
632.4474903579484	0.008274664334057106
631.3951650828103	0.007311246255552826
630.3445907648688	0.006086298160975209
629.2957644907177	0.005065877728404861
628.248683351798	0.004218877057728668
627.2033444443907	0.003550250388589464
626.1597448696081	0.00292864722265037
625.1178817333857	0.0024700007367841267
624.077752146475	0.002032490097851683
623.0393532244342	0.0015219654167422058
622.0026820876216	0.001130096435236894
620.9677358611862	0.0008582182694552246
619.934511675061	0.0005665057324499099
618.9030066639544	0.0003399278902916289
617.8732179673423	0.00019154008117259688
616.8451427294599	0.00010108111613175985
615.8187780992944	-2.8493524403398404e-05
614.7941212305768	-7.152004396473548e-05
613.771169281774	-0.00015222272263661074
612.7499194160806	-0.0002379102687936393
689.6551724137931	nan
688.5076596477136	nan
687.3620562206792	nan
686.2183589557528	0.0016198125956811901
685.0765646812841	0.0013441743823331305
683.9366702308993	0.0011186090432547327
682.7986724434935	0.0008846159849327748
681.6625681632214	0.0006555103814090343
680.528354239489	0.0004504858084859037
679.3960275269441	0.00022007686572909682
678.2655848854682	3.130615669941564e-05
677.137023180168	-0.00011829944250128788
676.0103392813658	-0.0002366718567582346
674.8855300645913	-0.00029186640926253185
673.7625924105738	-0.0003988351166195857
672.6415232052317	-0.00022006292645415648
671.5223193396656	0.0004400751258036087
670.4049777101487	0.0012242228022739284
669.2894952181186	0.0026006884844954614
668.1758687701683	0.004535997319825246
667.0640952780383	0.006695267680684753
665.9541716586072	0.009997105988954065
664.846094833884	0.014033682687134577
663.7398617309991	0.01812043692288105
662.6354692821953	0.022802374333501005
661.5329144248207	0.029447055120580445
660.4321941013185	0.036447763259163976
659.3333052592199	0.04163278701029674
658.2362448511346	0.047001642628654215
657.1410098347434	0.05084527971889925
656.0475971727888	0.05260671016060341
654.9560038330669	0.05329087363793846
653.8662267884196	0.05288248940462643
652.7782630167251	0.05164138362505292
651.6921095008902	0.05009460277000784
650.607763228842	0.048128528551291155
649.5252211935195	0.0452604625510765
648.4444803928648	0.04199957091848537
647.3655378298151	0.03919882074784569
646.2883905122948	0.03627334300226942
645.213035453206	0.03277350210902746
644.1394696704219	0.029287584559542848
643.0676901867774	0.02657997595825157
641.9976940300605	0.024107988590682645
640.9294782330055	0.021802342366424976
639.8630398332834	0.019151498496495566
638.7983758734943	0.016770073232403867
637.7354834011591	0.015039277500590073
636.6743594687111	0.013421112388490822
635.6150011334888	0.011923093420570435
634.5574054577258	0.010280817066014039
633.501569508545	0.008898451516870017
632.4474903579484	0.008274664334057106
631.3951650828103	0.007311246255552826
630.3445907648688	0.006086298160975209
629.2957644907177	0.005065877728404861
628.248683351798	0.004218877057728668
627.2033444443907	0.003550250388589464
626.1597448696081	0.00292864722265037
625.1178817333857	0.0024700007367841267
624.077752146475	0.002032490097851683
623.0393532244342	0.0015219654167422058
622.0026820876216	0.001130096435236894
620.9677358611862	0.0008582182694552246
619.934511675061	0.0005665057324499099
618.9030066639544	0.0003399278902916289
617.8732179673423	0.00019154008117259688
616.8451427294599	0.00010108111613175985
615.8187780992944	-2.8493524403398404e-05
614.7941212305768	-7.152004396473548e-05
613.771169281774	-0.00015222272263661074
612.7499194160806	-0.0002379102687936393
689.6551724137931	nan
688.5076596477136	nan
687.3620562206792	nan
686.2183589557528	0.0016198125956811901
685.0765646812841	0.0013441743823331305
683.9366702308993	0.0011186090432547327
682.7986724434935	0.0008846159849327748
681.6625681632214	0.0006555103814090343
680.528354239489	0.0004504858084859037
679.3960275269441	0.00022007686572909682
678.2655848854682	3.130615669941564e-05
677.137023180168	-0.00011829944250128788
676.0103392813658	-0.0002366718567582346
674.8855300645913	-0.00029186640926253185
673.7625924105738	-0.0003988351166195857
672.6415232052317	-0.00022006292645415648
671.5223193396656	0.0004400751258036087
670.4049777101487	0.0012242228022739284
669.2894952181186	0.0026006884844954614
668.1758687701683	0.004535997319825246
667.0640952780383	0.006695267680684753
665.9541716586072	0.009997105988954065
664.846094833884	0.014033682687134577
663.7398617309991	0.01812043692288105
662.6354692821953	0.022802374333501005
661.5329144248207	0.029447055120580445
660.4321941013185	0.036447763259163976
659.3333052592199	0.04163278701029674
658.2362448511346	0.047001642628654215
657.1410098347434	0.05084527971889925
656.0475971727888	0.05260671016060341
654.9560038330669	0.05329087363793846
653.8662267884196	0.05288248940462643
652.7782630167251	0.05164138362505292
651.6921095008902	0.05009460277000784
650.607763228842	0.048128528551291155
649.5252211935195	0.0452604625510765
648.4444803928648	0.04199957091848537
647.3655378298151	0.03919882074784569
646.2883905122948	0.03627334300226942
645.213035453206	0.03277350210902746
644.1394696704219	0.029287584559542848
643.0676901867774	0.02657997595825157
641.9976940300605	0.024107988590682645
640.9294782330055	0.021802342366424976
639.8630398332834	0.019151498496495566
638.7983758734943	0.016770073232403867
637.7354834011591	0.015039277500590073
636.6743594687111	0.013421112388490822
635.6150011334888	0.011923093420570435
634.5574054577258	0.010280817066014039
633.501569508545	0.008898451516870017
632.4474903579484	0.008274664334057106
631.3951650828103	0.007311246255552826
630.3445907648688	0.006086298160975209
629.2957644907177	0.005065877728404861
628.248683351798	0.004218877057728668
627.2033444443907	0.003550250388589464
626.1597448696081	0.00292864722265037
625.1178817333857	0.0024700007367841267
624.077752146475	0.002032490097851683
623.0393532244342	0.0015219654167422058
622.0026820876216	0.001130096435236894
620.9677358611862	0.0008582182694552246
619.934511675061	0.0005665057324499099
618.9030066639544	0.0003399278902916289
617.8732179673423	0.00019154008117259688
616.8451427294599	0.00010108111613175985
615.8187780992944	-2.8493524403398404e-05
614.7941212305768	-7.152004396473548e-05
613.771169281774	-0.00015222272263661074
612.7499194160806	-0.0002379102687936393
